Capture Duration (s) - T&A&B	g2(0) - T&A&B
0,361234	0,0101703
0,560926	0,00643887
0,759127	0,00475202
0,958936	0,00750004
1,16148	0,00919619
1,36134	0,010259
1,56078	0,0157202
1,75976	0,0199132
1,96251	0,0178753
2,16526	0,0178135
2,3627	0,0177467
2,56347	0,0190027
2,7618	0,0176817
2,96203	0,0187553
3,16206	0,0176083
3,36315	0,0185746
3,56302	0,0186016
3,76155	0,0184691
3,96011	0,0183223
4,16119	0,0182405
4,36115	0,0174442
4,56146	0,0174681
4,76139	0,0167245
4,96325	0,0160367
5,16609	0,0153896
5,36586	0,0147918
5,56495	0,0148833
5,76652	0,0143638
5,96881	0,0138815
6,16865	0,0145638
6,36743	0,0141411
6,57022	0,0136979
6,76819	0,0133244
6,96862	0,0134515
7,16692	0,013098
7,36537	0,0127523
7,56417	0,0124133
7,76383	0,0129676
7,98263	0,0126276
8,18323	0,0127484
8,38283	0,0124638
8,58352	0,0122041
8,78403	0,0118939
8,98564	0,0120081
9,18503	0,0121106
9,38593	0,0122269
9,58849	0,0123491
9,79046	0,0121104
9,98925	0,0121865
10,1905	0,0122919
10,3902	0,0123895
10,5902	0,0124967
10,7907	0,0125862
10,9898	0,0123518
11,1903	0,0124458
11,3908	0,0122302
11,5913	0,012028
11,794	0,0118366
11,9942	0,0116256
12,195	0,0114147
12,3737	0,0112503
12,5977	0,0110424
12,7973	0,0108698
12,9971	0,0106867
13,1978	0,0105319
13,4001	0,0103697
13,6	0,010741
13,801	0,0113361
14,0003	0,0111696
14,1985	0,0112551
14,4007	0,0113398
14,5984	0,011181
14,7995	0,0115119
14,9985	0,0113532
15,1993	0,0116622
15,398	0,0117397
15,5954	0,0118025
15,7949	0,0118862
15,9947	0,0117386
16,1931	0,0116046
16,3923	0,0114645
16,5918	0,0117436
16,7917	0,0115979
16,9959	0,0118737
17,1944	0,0117357
17,3929	0,011994
17,5915	0,011865
17,7929	0,0117305
17,9928	0,0115911
18,1927	0,0116516
18,4107	0,0115179
18,6122	0,0115797
18,81	0,011456
19,0098	0,0115212
19,2101	0,0114081
19,41	0,0112942
19,6092	0,0113541
19,8092	0,011245
20	0,0111439
