Stage Position (µm) - T&B	Coincidence Rate (Hz) - T&B	Stage Position (µm) - B	Coincidence Rate (Hz) - B
0	3,21667k		
0,0189215	3,97k		
0,0402844	4,93333k		
0,0598163	5,41667k		
0,0799585	5,75667k		
0,0982696	5,60667k		
0,119633	5,28k		
0,139164	5,17667k		
0,159307	4,45667k		
0,180059	3,56k		
0,19776	2,92k		
0,219733	2,21k		
0,239265	1,53333k		
0,260018	1,05667k		
0,27955	796,667		
0,299081	880		
0,319224	1,22333k		
0,339976	1,65k		
0,359508	2,41333k		
0,37965	3,13667k		
0,399792	3,86k		
0,418714	4,74333k		
0,439467	5,38667k		
0,460219	5,53k		
0,479751	5,69667k		
0,499893	5,43333k		
0,518815	5,19k		
0,539567	4,55k		
0,559709	3,82k		
0,579852	3,03k		
0,598773	2,01333k		
0,619526	1,40333k		
0,640278	976,667		
0,65981	733,333		
0,679952	880		
0,698874	1,21333k		
0,719626	1,5k		
0,739769	2,27k		
0,759911	3,18667k		
0,780053	3,87333k		
0,798975	4,60333k		
0,819117	5,07667k		
0,839259	5,74333k		
0,860012	5,78333k		
0,880154	5,43667k		
0,899075	5,28333k		
0,919218	4,65k		
0,93997	3,7k		
0,960112	3,00333k		
0,980255	2,21333k		
0,999176	1,67k		
1,01993	1,1k		
1,04007	690		
1,06021	793,333		
1,07791	1,10667k		
1,09928	1,43333k		
1,12003	2,06k		
1,14017	2,76333k		
1,1597	3,56333k		
1,17862	4,15333k		
1,19938	4,93k		
1,21952	5,49333k		
1,24027	5,60667k		
1,25858	5,64k		
1,27995	5,30333k		
1,30009	4,77k		
1,31962	4,05k		
1,33976	3,38k		
1,35929	2,57667k		
1,38005	1,86k		
1,40019	1,23667k		
1,41972	970		
1,43925	773,333		
1,4594	923,333		
1,48015	1,23k		
1,50029	1,79333k		
1,51921	2,43333k		
1,53996	3,41667k		
1,56011	4,06667k		
1,58025	4,85k		
1,59856	5,32667k		
1,61931	5,50667k		
1,64006	5,54667k		
1,66021	5,30667k		
1,67974	5,01333k		
1,69866	4,51333k		
1,71941	3,52667k		
1,74017	2,9k		
1,7597	2,02667k		
1,77984	1,51k		
1,79876	980		
1,81951	796,667		
1,84027	886,667		
1,8598	1,17333k		
1,87811	1,82667k		
1,89947	2,47k		
1,91961	3,04333k		
1,93976	3,54k		
1,9599	4,72667k		
1,97882	5,16333k		
2,00018	5,08333k		
2,01971	5,78333k		
2,03864	5,51667k		
2,05939	5,08k		
2,08014	4,55333k		
2,10028	4,03667k		
2,11982	3,25333k		
2,13874	2,39667k		
2,15949	1,67333k		
2,18024	1,22333k		
2,19977	896,667		
2,21992	736,667		
2,23884	940		
2,25959	1,44667k		
2,27973	1,93333k		
2,29987	2,76667k		
2,32002	3,67333k		
2,33894	4,11k		
2,3603	4,74667k		
2,37983	5,34333k		
2,39998	5,56k		
