Stage Position (µm) - T&B	Coincidence Rate (Hz) - T&B	Stage Position (µm) - B	Coincidence Rate (Hz) - B
0	86,6667		
0,0183111	126,667		
0,0390637	110		
0,0598163	116,667		
0,0799585	120		
0,100101	123,333		
0,118412	100		
0,139164	90		
0,159307	60		
0,180059	106,667		
0,199591	50		
0,219733	46,6667		
0,238655	30		
0,259407	13,3333		
0,27955	20		
0,300302	20		
0,319834	33,3333		
0,339976	46,6667		
0,359508	76,6667		
0,37965	73,3333		
0,399182	103,333		
0,419935	96,6667		
0,440077	90		
0,459609	120		
0,479751	130		
0,499283	110		
0,520035	106,667		
0,539567	96,6667		
0,559099	56,6667		
0,579241	76,6667		
0,599994	40		
0,620136	36,6667		
0,640278	23,3333		
0,6592	50		
0,679342	13,3333		
0,699484	50		
0,720237	46,6667		
0,739769	53,3333		
0,759301	83,3333		
0,779443	96,6667		
0,800195	100		
0,819117	133,333		
0,839259	100		
0,860012	86,6667		
0,880154	110		
0,899075	86,6667		
0,919218	103,333		
0,93997	83,3333		
0,960112	83,3333		
0,978423	63,3333		
0,999176	43,3333		
1,01993	23,3333		
1,04007	20		
1,0596	16,6667		
1,07974	33,3333		
1,09867	46,6667		
1,12003	73,3333		
1,14017	60		
1,1597	80		
1,17985	103,333		
1,19816	100		
1,21952	153,333		
1,24027	113,333		
1,2598	140		
1,27812	90		
1,29948	83,3333		
1,31962	70		
1,33976	80		
1,3599	56,6667		
1,37883	30		
1,40019	36,6667		
1,41972	13,3333		
1,43986	30		
1,46001	36,6667		
1,47954	56,6667		
1,49968	63,3333		
1,51921	93,3333		
1,53996	66,6667		
1,55766	90		
1,57964	123,333		
1,59978	130		
1,61992	136,667		
1,64006	116,667		
1,6596	123,333		
1,67913	110		
1,69988	120		
1,72002	86,6667		
1,74017	40		
1,7597	33,3333		
1,77862	16,6667		
1,79937	20		
1,82012	23,3333		
1,84027	40		
1,8598	53,3333		
1,87933	40		
1,90008	56,6667		
1,92022	86,6667		
1,94037	100		
1,96051	120		
1,98004	110		
2,00018	126,667		
2,01971	103,333		
2,03986	126,667		
2,05939	90		
2,08014	83,3333		
2,10028	126,667		
2,11982	46,6667		
2,13935	46,6667		
2,1601	20		
2,18024	30		
2,19977	26,6667		
2,2187	26,6667		
2,24006	46,6667		
2,2602	33,3333		
2,27973	63,3333		
2,29987	70		
2,31941	63,3333		
2,33955	113,333		
2,3603	110		
2,37983	116,667		
2,39998	136,667		
2,42012	100		
2,43904	126,667		
2,45918	100		
2,47993	63,3333		
2,50069	60		
2,52022	40		
2,53914	26,6667		
2,55928	46,6667		
2,57942	36,6667		
2,60018	20		
2,62032	33,3333		
2,63924	43,3333		
2,65999	46,6667		
2,68014	53,3333		
2,70028	53,3333		
2,71859	100		
2,73934	120		
2,76009	93,3333		
2,78024	110		
2,79855	120		
2,81991	133,333		
2,84005	110		
2,86081	100		
2,87851	76,6667		
2,89926	46,6667		
2,92001	73,3333		
2,94015	40		
2,95846	30		
2,97922	10		
2,99936	43,3333		
3,02011	36,6667		
3,04025	60		
3,05979	50		
3,07871	73,3333		
3,09946	76,6667		
3,12021	90		
3,13974	106,667		
3,15989	120		
3,18003	136,667		
3,19956	63,3333		
3,21909	96,6667		
3,23923	96,6667		
3,25999	83,3333		
3,28013	66,6667		
3,30088	50		
3,31919	20		
3,33995	20		
3,36009	30		
3,38023	20		
3,39793	30		
3,41929	36,6667		
3,44066	60		
3,4608	90		
3,4785	100		
3,49986	103,333		
3,52	120		
3,54015	120		
3,55907	106,667		
3,57921	96,6667		
3,59996	116,667		
3,62011	100		
3,63903	76,6667		
3,65917	60		
3,67931	63,3333		
3,70006	43,3333		
3,72021	10		
3,73852	33,3333		
3,75988	16,6667		
3,77941	13,3333		
3,80016	33,3333		
3,8197	36,6667		
3,83862	46,6667		
3,85937	73,3333		
3,88012	73,3333		
3,89966	113,333		
3,9198	140		
3,93994	93,3333		
3,96008	126,667		
3,979	133,333		
3,99915	113,333		
4,0199	56,6667		
4,04004	56,6667		
4,06018	46,6667		
4,0791	40		
4,09986	43,3333		
4,11939	20		
4,14014	36,6667		
4,16089	43,3333		
4,1792	43,3333		
4,19935	60		
4,2201	46,6667		
4,24024	90		
4,26038	123,333		
4,28053	103,333		
4,30006	100		
4,31959	103,333		
4,33973	130		
4,35987	106,667		
4,37819	90		
4,40016	106,667		
4,4203	110		
4,43983	76,6667		
4,45997	50		
4,48012	50		
4,49965	13,3333		
4,51918	20		
4,54054	33,3333		
4,56008	36,6667		
4,58022	23,3333		
4,60036	63,3333		
4,61867	56,6667		
4,63942	73,3333		
4,66018	106,667		
4,67971	116,667		
4,69985	116,667		
4,71999	110		
4,74013	123,333		
4,75906	96,6667		
4,7792	103,333		
4,79934	90		
4,82009	70		
4,84024	56,6667		
4,85977	73,3333		
4,87991	36,6667		
4,89822	46,6667		
4,91958	16,6667		
4,93973	23,3333		
4,95987	53,3333		
4,98001	30		
5,00015	46,6667		
5,01846	60		
5,03922	93,3333		
5,05997	100		
5,08011	130		
5,09903	143,333		
5,11979	136,667		
5,13993	130		
5,16007	110		
5,18082	96,6667		
5,19913	56,6667		
5,21928	56,6667		
5,24003	36,6667		
5,26078	23,3333		
5,27848	40		
5,29923	46,6667		
5,31999	40		
5,34074	23,3333		
5,36088	50		
5,37919	36,6667		
5,39995	73,3333		
5,42009	76,6667		
5,43901	70		
5,45915	80		
5,4799	113,333		
5,50066	126,667		
5,52019	100		
5,53911	96,6667		
5,55986	110		
5,58	80		
5,60015	100		
5,61968	50		
5,63982	33,3333		
5,65996	50		
5,68072	30		
5,69842	36,6667		
5,71917	16,6667		
5,73992	46,6667		
5,76006	36,6667		
5,78082	90		
5,80035	100		
5,81988	126,667		
5,84002	100		
5,86016	130		
5,8797	130		
5,89923	96,6667		
5,91998	113,333		
5,94012	113,333		
5,96026	100		
5,98041	63,3333		
5,99933	80		
6,01947	60		
6,04083	36,6667		
6,05976	16,6667		
6,08051	36,6667		
6,09943	16,6667		
6,11957	60		
6,13971	43,3333		
6,15986	60		
6,18061	70		
6,20075	66,6667		
6,22028	100		
6,23981	126,667		
6,25996	100		
6,2801	93,3333		
6,29963	106,667		
6,31916	63,3333		
6,33992	76,6667		
6,36006	83,3333		
6,37837	46,6667		
6,39912	53,3333		
6,41926	50		
6,44002	30		
6,46016	33,3333		
6,48091	23,3333		
6,50044	46,6667		
6,51936	23,3333		
6,53951	60		
6,56026	60		
6,57979	86,6667		
6,59993	60		
6,61946	160		
6,63961	103,333		
6,65975	113,333		
6,67989	130		
6,69881	120		
6,71957	96,6667		
6,73971	90		
6,75985	103,333		
6,77816	43,3333		
6,79952	30		
6,82028	23,3333		
6,83981	36,6667		
6,86056	40		
6,87826	40		
6,90023	33,3333		
6,91977	46,6667		
6,93991	63,3333		
6,95822	83,3333		
6,97958	106,667		
6,99973	123,333		
7,01987	143,333		
7,04001	136,667		
7,06015	103,333		
7,07907	86,6667		
7,09983	100		
7,11997	90		
7,14011	80		
7,15964	40		
7,17978	66,6667		
7,20054	30		
7,22007	43,3333		
7,24021	23,3333		
7,25913	33,3333		
7,27989	40		
7,30064	56,6667		
7,32078	53,3333		
7,3397	66,6667		
7,35923	86,6667		
7,37999	100		
7,40074	100		
7,42027	143,333		
7,43858	110		
7,45994	110		
7,48009	106,667		
7,50023	106,667		
7,51976	73,3333		
7,53929	63,3333		
7,55943	63,3333		
7,58019	30		
7,60033	23,3333		
7,62047	13,3333		
7,63939	23,3333		
7,66015	43,3333		
7,68029	56,6667		
7,69982	43,3333		
7,71874	63,3333		
7,73949	76,6667		
7,76025	96,6667		
7,77978	143,333		
7,79992	120		
7,81884	150		
7,83959	116,667		
7,85974	96,6667		
7,88049	73,3333		
7,90002	90		
7,91955	80		
7,93909	50		
7,95984	33,3333		
7,98059	26,6667		
8,00012	36,6667		
8,01965	26,6667		
8,03919	30		
8,05933	36,6667		
8,08008	60		
8,10083	73,3333		
8,11853	66,6667		
8,1399	93,3333		
8,16004	106,667		
8,18018	86,6667		
8,19971	110		
8,21863	130		
8,23939	70		
8,26014	120		
8,28028	103,333		
8,29859	83,3333		
8,31996	80		
8,3401	43,3333		
8,36024	40		
8,38038	46,6667		
8,3993	20		
8,42006	23,3333		
8,4402	36,6667		
8,45973	50		
8,47804	60		
8,4994	80		
8,52016	113,333		
8,54091	106,667		
8,56044	90		
8,57936	110		
8,59951	133,333		
8,62026	126,667		
8,63979	100		
8,65993	96,6667		
8,67885	83,3333		
8,69961	63,3333		
8,71975	53,3333		
8,73989	36,6667		
8,7582	50		
8,77956	26,6667		
8,80032	33,3333		
8,82046	50		
8,83816	33,3333		
8,85952	50		
8,87967	73,3333		
8,89981	76,6667		
8,92056	106,667		
8,93887	110		
8,96023	140		
8,97977	116,667		
8,99991	116,667		
9,02005	100		
9,03958	126,667		
9,05972	66,6667		
9,07987	96,6667		
9,10062	66,6667		
9,12015	73,3333		
9,13968	63,3333		
9,15983	16,6667		
9,17997	46,6667		
9,20011	26,6667		
9,22086	20		
9,23856	66,6667		
9,25993	43,3333		
9,28007	73,3333		
9,30021	93,3333		
9,31974	123,333		
9,33988	103,333		
9,35881	126,667		
9,38017	150		
9,3997	93,3333		
9,41984	83,3333		
9,43876	103,333		
9,45952	106,667		
9,48027	96,6667		
9,50041	53,3333		
9,51994	40		
9,53948	23,3333		
9,56023	30		
9,57976	30		
9,60051	20		
9,61821	50		
9,64019	60		
9,65972	56,6667		
9,67986	106,667		
9,69878	110		
9,71953	73,3333		
9,74029	126,667		
9,75982	150		
9,77813	146,667		
9,79949	93,3333		
9,82025	96,6667		
9,83978	70		
9,86053	83,3333		
9,87945	40		
9,9002	53,3333		
9,92035	30		
9,93988	23,3333		
9,96002	46,6667		
9,97955	53,3333		
10,0003	63,3333		
