Stage Position (µm) - T&B	Coincidence Rate (Hz) - T&B	Stage Position (µm) - B	Coincidence Rate (Hz) - B
0	2,33667k		
0,0207526	2,43333k		
0,0402844	2,63k		
0,0585955	2,28667k		
0,0793481	2,41333k		
0,0994903	2,16667k		
0,120243	2,25k		
0,139775	2,44333k		
0,158696	2,32k		
0,180059	2,41667k		
0,199591	2,39667k		
0,219733	2,43k		
0,238044	2,43667k		
0,259407	2,5k		
0,27955	2,48667k		
0,300302	2,54333k		
0,320444	2,54k		
0,339976	2,56333k		
0,358287	2,45667k		
0,37965	2,55333k		
0,399182	2,39k		
0,419324	2,29667k		
0,440077	2,26667k		
0,458998	2,45k		
0,479141	2,43k		
0,499893	2,55667k		
0,520035	2,33667k		
0,538957	2,48k		
0,559099	2,38k		
0,579852	2,43333k		
0,599994	2,33333k		
0,620136	2,69333k		
0,639058	2,60667k		
0,6592	2,49333k		
0,679952	2,48k		
0,700095	2,56k		
0,717795	2,45333k		
0,739158	2,46k		
0,759911	2,45667k		
0,780053	2,47k		
0,799585	2,37k		
0,819117	2,39k		
0,839869	2,36667k		
0,860012	2,48667k		
0,878933	2,23k		
0,899686	2,40667k		
0,919828	2,30667k		
0,93997	2,54k		
0,960112	2,40333k		
0,979034	2,43333k		
0,999786	2,40667k		
1,01993	2,56333k		
1,04007	2,29333k		
1,06021	2,42333k		
1,07852	2,58k		
1,09928	2,54k		
1,12003	2,47k		
1,14017	2,44667k		
1,15848	2,29k		
1,17924	2,51333k		
1,19999	2,57k		
1,22013	2,61667k		
1,23905	2,24k		
1,25919	2,38333k		
1,27995	2,43333k		
1,30009	2,39667k		
1,32023	2,27333k		
1,33793	2,36333k		
1,35929	2,46k		
1,37944	2,41333k		
1,40019	2,44667k		
1,42033	2,49333k		
1,43986	2,49667k		
1,46001	2,38667k		
1,48015	2,50333k		
1,49907	2,34667k		
1,51921	2,40333k		
1,53996	2,44k		
1,56011	2,32333k		
1,58025	2,52333k		
1,59856	2,46333k		
1,61931	2,45k		
1,64006	2,37k		
1,66021	2,50667k		
1,67974	2,41k		
1,69866	2,32667k		
1,71941	2,34667k		
1,73956	2,48333k		
1,75909	2,56333k		
1,77984	2,58667k		
1,79815	2,61333k		
1,81951	2,52k		
1,83966	2,55667k		
1,8598	2,54667k		
1,87994	2,41667k		
1,89886	2,41k		
1,91961	2,48333k		
1,93976	2,34667k		
1,96051	2,30667k		
1,97882	2,58667k		
1,99957	2,41667k		
2,01971	2,26667k		
2,03986	2,34k		
2,05878	2,47k		
2,08014	2,39k		
2,10028	2,58k		
2,11982	2,59333k		
2,13996	2,46333k		
2,15888	2,39667k		
2,17963	2,34333k		
2,19916	2,58k		
2,21931	2,47333k		
2,24006	2,42k		
2,2602	2,38667k		
2,27912	2,41667k		
2,29926	2,35333k		
2,31941	2,53333k		
2,34016	2,32333k		
2,35908	2,50667k		
2,37922	2,47333k		
2,39998	2,39667k		
