Stage Position (µm) - T&B	Coincidence Rate (Hz) - T&B	Stage Position (µm) - B	Coincidence Rate (Hz) - B
0	40,9k	0	135,7k
0,00061037	46,4k	0,00061037	156,1k
0,0311289	52,8k	0,0311289	174,9k
0,0567644	51,6k	0,0567644	174,8k
0,0573748	56k	0,0573748	186,6k
0,0872829	59,3k	0,0872829	194,9k
0,11536	54,5k	0,11536	186,2k
0,118412	50,1k	0,118412	178,8k
0,142216	49,2k	0,142216	162,2k
0,175176	44,5k	0,175176	150,3k
0,178228	35,2k	0,178228	124,5k
0,198981	31,7k	0,198981	106,7k
0,23072	25,7k	0,23072	88,3k
0,256966	23k	0,256966	76,9k
0,258187	19,7k	0,258187	67,4k
0,288095	18k	0,288095	67k
0,316172	22,6k	0,316172	79,9k
0,317392	23,6k	0,317392	92,2k
0,343028	29,4k	0,343028	105,4k
0,374157	34,8k	0,374157	127,8k
0,37843	44k	0,37843	143k
0,398572	45k	0,398572	163,6k
0,433363	50,9k	0,433363	178k
0,438246	52,4k	0,438246	189,3k
0,458388	55,8k	0,458388	182,8k
0,490738	58,9k	0,490738	195,3k
0,498062	56k	0,498062	180,6k
0,517594	49,1k	0,517594	167k
0,548723	47,8k	0,548723	158,3k
0,576189	40k	0,576189	128k
0,57741	29,7k	0,57741	107,5k
0,606708	29,4k	0,606708	95,7k
0,635395	21,6k	0,635395	76,2k
0,638447	20,8k	0,638447	68,9k
0,661031	19,3k	0,661031	66,3k
0,693991	23,5k	0,693991	78,9k
0,698263	23,6k	0,698263	85,8k
0,720847	29,4k	0,720847	103,9k
0,752586	36k	0,752586	124,4k
0,75869	37,5k	0,75869	133,8k
0,778222	47,6k	0,778222	159,3k
0,809351	52,6k	0,809351	184,2k
0,836207	57,5k	0,836207	187,4k
0,838038	58,1k	0,838038	191,2k
0,864284	56,7k	0,864284	194,9k
0,894803	57k	0,894803	183k
0,898465	52,4k	0,898465	168,6k
0,918607	48,1k	0,918607	158,1k
0,950957	43,4k	0,950957	139,1k
0,977203	33,4k	0,977203	116,8k
0,978423	26,2k	0,978423	97,5k
1,0065	21,6k	1,0065	79,9k
1,0358	20,8k	1,0358	71,5k
1,03824	21,6k	1,03824	76,1k
1,06143	21,7k	1,06143	73,2k
1,09256	21,1k	1,09256	77,1k
1,11759	30,4k	1,11759	101,3k
1,1182	33,5k	1,1182	116,3k
1,1475	40k	1,1475	137,1k
1,17618	47,3k	1,17618	153,9k
1,17801	54,1k	1,17801	180,2k
1,20426	51,1k	1,20426	192,7k
1,23539	56,1k	1,23539	188,2k
1,23844	56,4k	1,23844	187,6k
1,26286	51,4k	1,26286	178,3k
1,29521	49,7k	1,29521	170,2k
1,29887	49,7k	1,29887	165k
1,32145	45k	1,32145	148,5k
1,35197	37,8k	1,35197	122,6k
1,35807	32,5k	1,35807	105,9k
1,37822	25,5k	1,37822	86,5k
1,40934	23,2k	1,40934	73,7k
1,43681	21,6k	1,43681	71,2k
1,43803	22,1k	1,43803	73k
1,46916	24,3k	1,46916	79k
1,49724	25,2k	1,49724	85,7k
1,49846	26,5k	1,49846	94,8k
1,52654	35,2k	1,52654	119,6k
1,55644	40,6k	1,55644	144,4k
1,55828	51,3k	1,55828	163,2k
1,5833	49,7k	1,5833	173,7k
1,61382	54,4k	1,61382	176,7k
1,61809	58,2k	1,61809	190k
1,63884	58,1k	1,63884	192,6k
1,67119	52,9k	1,67119	180,5k
1,69805	51,7k	1,69805	174,6k
1,69866	40,3k	1,69866	140,5k
1,72796	36,7k	1,72796	128k
1,75604	37,4k	1,75604	125,5k
1,75787	31,2k	1,75787	111,7k
1,78106	22,2k	1,78106	75k
1,8128	22,5k	1,8128	67,7k
1,8189	23,6k	1,8189	71,5k
1,83844	18,3k	1,83844	60,5k
1,86956	21,2k	1,86956	86,3k
1,87811	26,7k	1,87811	89,8k
1,89825	32,2k	1,89825	110,4k
1,92816	41,1k	1,92816	131,3k
1,95624	42,7k	1,95624	145,5k
1,95746	49,4k	1,95746	176,6k
1,98675	51,7k	1,98675	176,4k
2,01605	56,2k	2,01605	190,4k
2,01788	59,4k	2,01788	203,9k
2,04657	57,6k	2,04657	189,4k
2,07648	53,6k	2,07648	177k
2,07831	49,4k	2,07831	164,1k
2,10273	39,3k	2,10273	141,3k
2,13263	37,1k	2,13263	128k
2,13813	30,4k	2,13813	108,8k
2,15827	26,2k	2,15827	90,1k
2,19184	25,6k	2,19184	81,2k
2,19855	24k	2,19855	72,6k
2,21809	20k	2,21809	70,2k
2,24799	22,6k	2,24799	77k
2,27607	24,9k	2,27607	89,1k
2,2779	31,7k	2,2779	103,5k
2,30537	36,6k	2,30537	123,6k
2,33589	44,1k	2,33589	150,7k
2,33833	49,4k	2,33833	170,3k
2,36091	50,4k	2,36091	174,5k
2,39387	51,1k	2,39387	175,3k
2,39875	55,1k	2,39875	194,3k
2,4189	57,6k	2,4189	186,7k
2,45064	52,2k	2,45064	183,5k
2,47749	50,3k	2,47749	172,1k
2,47871	47,5k	2,47871	152,8k
2,50862	40,8k	2,50862	139,7k
2,5367	37,5k	2,5367	118k
2,53853	29,7k	2,53853	98,1k
2,56661	26,9k	2,56661	88,3k
2,5959	21,3k	2,5959	75,3k
2,59835	19,1k	2,59835	71,6k
2,62276	21,6k	2,62276	71,7k
2,65389	21,8k	2,65389	82k
2,65816	29,1k	2,65816	93,3k
2,6783	33,1k	2,6783	115,2k
2,71126	37,8k	2,71126	128,7k
2,7369	42,2k	2,7369	150,9k
2,73812	46,6k	2,73812	164,7k
2,76925	58,7k	2,76925	182,8k
2,79611	53,6k	2,79611	186,9k
2,79855	55,2k	2,79855	192,8k
2,82113	53,9k	2,82113	181,2k
2,85348	51,1k	2,85348	177,5k
2,87729	47,6k	2,87729	156,7k
2,8779	41,5k	2,8779	142,4k
2,91025	35,9k	2,91025	128,4k
2,9371	31,5k	2,9371	108,3k
2,93832	25,6k	2,93832	88,9k
2,96823	23k	2,96823	77,6k
2,99631	19,5k	2,99631	70,8k
2,99814	20,1k	2,99814	70,1k
3,02561	22,4k	3,02561	81k
3,05551	24,8k	3,05551	89,4k
3,05795	32,3k	3,05795	107,8k
3,08176	35,1k	3,08176	120,6k
3,11472	40,4k	3,11472	146,3k
3,11899	49,4k	3,11899	157,5k
3,13974	51,6k	3,13974	175k
3,1727	58,8k	3,1727	190,5k
3,1782	59,7k	3,1782	196,4k
3,19834	56,4k	3,19834	188,4k
3,22947	54,5k	3,22947	184,9k
3,25694	51,6k	3,25694	168,8k
3,25877	44,7k	3,25877	153,3k
3,28684	41,3k	3,28684	137,1k
3,31553	31,8k	3,31553	110k
3,31858	30k	3,31858	101,6k
3,34239	28,5k	3,34239	87,8k
3,37352	21,7k	3,37352	76,1k
3,37901	21,2k	3,37901	72,9k
3,39793	22,5k	3,39793	75,9k
3,42967	25,9k	3,42967	81,5k
3,45775	29,5k	3,45775	105,7k
3,45836	31,8k	3,45836	121,3k
3,48643	39,5k	3,48643	140,4k
3,51573	43,3k	3,51573	148,9k
3,51817	49,4k	3,51817	172,4k
3,54076	52,8k	3,54076	177,4k
3,57372	54,9k	3,57372	193,2k
3,57799	55,7k	3,57799	186,1k
3,59813	54k	3,59813	183,8k
3,63109	56,4k	3,63109	181k
3,63842	48,4k	3,63842	151k
3,65856	44,9k	3,65856	144,3k
3,6903	33,6k	3,6903	117,3k
3,71776	30,4k	3,71776	109,6k
3,71899	24,3k	3,71899	91,3k
3,74889	22,7k	3,74889	84,6k
3,77758	22,8k	3,77758	77,2k
3,77819	19,3k	3,77819	70,3k
3,80566	24,3k	3,80566	81,9k
3,83557	24,9k	3,83557	86,8k
3,83862	30,3k	3,83862	103,8k
3,85876	35,7k	3,85876	123,4k
3,89355	44,3k	3,89355	143,1k
3,91736	42,4k	3,91736	148,6k
3,91858	49,9k	3,91858	171k
3,9491	56,4k	3,9491	184,2k
3,97717	52k	3,97717	178,1k
3,979	57,7k	3,979	182,9k
4,00403	53,7k	4,00403	175,4k
4,03577	48,8k	4,03577	169k
4,03882	51,2k	4,03882	171,1k
4,06262	39k	4,06262	132,7k
4,09436	34,3k	4,09436	127,2k
4,09864	36,2k	4,09864	106,8k
4,11817	28k	4,11817	94,6k
4,15052	22,5k	4,15052	77,6k
4,17737	19,5k	4,17737	69,1k
4,17798	23,4k	4,17798	77,6k
4,20789	23,8k	4,20789	80,3k
4,23658	27,9k	4,23658	92,1k
4,23902	29,1k	4,23902	105,1k
4,26466	35,1k	4,26466	128k
4,29518	38,2k	4,29518	140k
4,29823	44,8k	4,29823	164,8k
4,31837	55,5k	4,31837	175,4k
4,35072	54,6k	4,35072	187,7k
4,37819	53,9k	4,37819	185,8k
4,3788	51,1k	4,3788	181,1k
4,4087	50,3k	4,4087	178,8k
4,43617	49,9k	4,43617	163,1k
4,43861	47,3k	4,43861	144,9k
4,45997	38,5k	4,45997	141,7k
4,49416	35,4k	4,49416	109k
4,49904	28,6k	4,49904	97,4k
4,51857	22,2k	4,51857	80,8k
4,55092	23,4k	4,55092	76,8k
4,57778	20,6k	4,57778	74,5k
4,579	22,6k	4,579	76,1k
4,60585	22,8k	4,60585	91,6k
4,63637	30,2k	4,63637	105,2k
4,63881	33,8k	4,63881	119,8k
4,66201	39,4k	4,66201	131,9k
4,69497	44k	4,69497	150,6k
4,69863	53,6k	4,69863	179,8k
4,71816	54,7k	4,71816	176,5k
4,75295	56,2k	4,75295	185k
4,75845	56,3k	4,75845	184,6k
4,77798	50,9k	4,77798	169k
4,80972	50k	4,80972	163,8k
4,83718	43,1k	4,83718	145k
4,83901	41,1k	4,83901	136,9k
4,86648	34,5k	4,86648	114k
4,89578	30,1k	4,89578	105,5k
4,89883	27,1k	4,89883	89,5k
4,91958	20,4k	4,91958	74,9k
4,95193	19,2k	4,95193	68,7k
4,97757	20k	4,97757	70,3k
4,97879	23,4k	4,97879	87k
5,00687	27,1k	5,00687	97,1k
5,03616	32,7k	5,03616	115,2k
5,03861	38,4k	5,03861	133,1k
5,06119	41k	5,06119	143,4k
5,09476	47,7k	5,09476	163,7k
5,09842	49,7k	5,09842	171,2k
5,11856	52,1k	5,11856	177,7k
5,15152	55,3k	5,15152	181,7k
5,17777	54,6k	5,17777	184,6k
5,17899	52,9k	5,17899	180,3k
5,20463	49,3k	5,20463	164,1k
5,23515	45k	5,23515	148,2k
5,23881	39,9k	5,23881	135,8k
5,25834	33,1k	5,25834	108,7k
5,28947	28,5k	5,28947	93k
5,31693	22,5k	5,31693	83,6k
5,31816	23,4k	5,31816	85,2k
5,34684	23,2k	5,34684	78,5k
5,37614	20,9k	5,37614	78,6k
5,37797	27,6k	5,37797	93,6k
5,403	28,7k	5,403	98,8k
5,43474	35k	5,43474	125,5k
5,43901	39,3k	5,43901	135,2k
5,45854	45k	5,45854	151,7k
5,49272	43,4k	5,49272	161,3k
5,49883	53,5k	5,49883	186,1k
5,51897	53k	5,51897	179,4k
5,54521	56,5k	5,54521	182,9k
5,57512	53,5k	5,57512	190,9k
5,57878	50,7k	5,57878	169,5k
5,59893	50,3k	5,59893	157,1k
5,63128	41,1k	5,63128	131,5k
5,65691	36,9k	5,65691	125k
5,65874	34,5k	5,65874	105,5k
5,68377	24,2k	5,68377	89,2k
5,71551	21,1k	5,71551	80,1k
5,71856	22,9k	5,71856	81,1k
5,74236	22k	5,74236	74k
5,77471	24,3k	5,77471	84,8k
5,77898	28,5k	5,77898	100,2k
5,79852	31,3k	5,79852	108,1k
5,83209	33,6k	5,83209	123,6k
5,85772	42,5k	5,85772	144,5k
5,85833	49,1k	5,85833	157,4k
5,88885	53,5k	5,88885	178,1k
5,91693	54,1k	5,91693	179,3k
5,91815	53,7k	5,91815	184,7k
5,94623	51,6k	5,94623	174,4k
5,97491	52,8k	5,97491	168,2k
5,97858	48,2k	5,97858	166k
5,99872	44,1k	5,99872	150,9k
6,03046	38,1k	6,03046	128,8k
6,05731	33,9k	6,05731	111,8k
6,05853	29,1k	6,05853	98,8k
6,086	24,1k	6,086	87k
6,11591	21k	6,11591	78,1k
6,11896	23k	6,11896	77,3k
6,14093	21,6k	6,14093	81,6k
6,17267	22,1k	6,17267	87,8k
6,17878	29,3k	6,17878	103,4k
6,19892	33,8k	6,19892	117,8k
6,22822	40,1k	6,22822	130,7k
6,25568	47,6k	6,25568	161,3k
6,25874	46,7k	6,25874	159,6k
6,2801	52,7k	6,2801	184k
6,31184	52,7k	6,31184	183,2k
6,33747	53,2k	6,33747	184,7k
6,33869	54k	6,33869	171,3k
6,3686	46k	6,3686	166,6k
6,39668	46,2k	6,39668	151,3k
6,39851	41,9k	6,39851	142,4k
6,42293	35,1k	6,42293	119,5k
6,45344	32k	6,45344	102,3k
6,45833	24,1k	6,45833	88,9k
6,47908	22,8k	6,47908	82,6k
6,51143	24,1k	6,51143	77,1k
6,53768	19,8k	6,53768	74,9k
6,5389	22,4k	6,5389	82,7k
6,56575	27,5k	6,56575	92,3k
6,59566	31,7k	6,59566	113,3k
6,59871	39,8k	6,59871	131,1k
6,62008	36,6k	6,62008	142,5k
6,65426	50,1k	6,65426	171,4k
6,65853	52,7k	6,65853	187,6k
6,67867	50,3k	6,67867	177,8k
6,70736	54,7k	6,70736	181,9k
6,73666	56k	6,73666	184,6k
6,73849	53,9k	6,73849	167,9k
6,76656	50,6k	6,76656	160k
6,79586	45,6k	6,79586	150k
6,79891	38k	6,79891	130,3k
6,81906	33,6k	6,81906	113,2k
6,8508	29k	6,8508	100,6k
6,87765	26,6k	6,87765	89,3k
6,87887	24,6k	6,87887	84,4k
6,90817	26,6k	6,90817	84,2k
6,93625	23,5k	6,93625	83,9k
6,93869	25k	6,93869	94,3k
6,96188	28,1k	6,96188	101,7k
6,99362	33,5k	6,99362	121,6k
6,9985	37,6k	6,9985	130,2k
7,01804	42,9k	7,01804	150,2k
7,04611	46,8k	7,04611	165,5k
7,07663	53k	7,07663	179,6k
7,07907	54,7k	7,07907	184,6k
7,10166	53,6k	7,10166	180,8k
7,13462	55,8k	7,13462	190,8k
7,13889	48,2k	7,13889	161,9k
7,15842	43,5k	7,15842	155,5k
7,19077	38,6k	7,19077	140,5k
7,21763	38,1k	7,21763	124,9k
7,21824	34,8k	7,21824	113,3k
7,2457	28,1k	7,2457	95,7k
7,27561	29k	7,27561	89,4k
7,27805	22,2k	7,27805	83,9k
7,29942	22,6k	7,29942	82,9k
7,33116	26,4k	7,33116	89,3k
7,3574	25,5k	7,3574	93,5k
7,35862	27,9k	7,35862	101,2k
7,38975	32,8k	7,38975	120,9k
7,41783	38k	7,41783	132,2k
7,41905	45,4k	7,41905	162,2k
7,44407	48,8k	7,44407	165,1k
7,4752	49,9k	7,4752	171,9k
7,47887	54,1k	7,47887	174,9k
7,49901	55,5k	7,49901	183,7k
7,53258	48,9k	7,53258	171k
7,55821	51,3k	7,55821	171,1k
7,55882	47,3k	7,55882	155,6k
7,58873	40,2k	7,58873	140,1k
7,61559	33,8k	7,61559	117,4k
7,61803	31,7k	7,61803	102,1k
7,64428	25k	7,64428	90,5k
7,67479	25,4k	7,67479	84,1k
7,67907	22,3k	7,67907	81,5k
7,69982	22,2k	7,69982	84,8k
7,73339	26,3k	7,73339	95,9k
7,75781	26,3k	7,75781	98,6k
7,75842	32,8k	7,75842	110,3k
7,78954	38,8k	7,78954	134,8k
7,81762	43,4k	7,81762	146,5k
7,81823	48,6k	7,81823	164,9k
7,84631	47,9k	7,84631	168k
7,87622	56,5k	7,87622	178k
7,87805	53k	7,87805	180,3k
7,90124	52,9k	7,90124	185,2k
7,9342	50,3k	7,9342	163,3k
7,93847	43,8k	7,93847	159,6k
7,95862	42,1k	7,95862	144,6k
7,99158	36,6k	7,99158	124,6k
8,01721	30,8k	8,01721	110,8k
8,01904	28,3k	8,01904	95,4k
8,04773	26,7k	8,04773	91,7k
8,07642	24,8k	8,07642	81,7k
8,07886	21,6k	8,07886	80,9k
8,10266	27k	8,10266	90,6k
8,1344	25,4k	8,1344	94,7k
8,13868	29,4k	8,13868	109,9k
8,16004	35,3k	8,16004	122k
8,19422	39,5k	8,19422	129,4k
8,19849	43k	8,19849	147,9k
8,21863	51,5k	8,21863	170,2k
8,2522	50,8k	8,2522	172,4k
8,27784	53,3k	8,27784	171,4k
8,27906	53,3k	8,27906	173,9k
8,3047	53,6k	8,3047	178,4k
8,3346	51,1k	8,3346	163,2k
8,33888	43,1k	8,33888	155,5k
8,35963	40,4k	8,35963	136,6k
8,39076	34,4k	8,39076	120,5k
8,41762	30,7k	8,41762	113,6k
8,41823	28,8k	8,41823	94,3k
8,44447	27k	8,44447	90,5k
8,47621	23,9k	8,47621	86,8k
8,47804	22,2k	8,47804	80,3k
8,50185	22,1k	8,50185	88,6k
8,53542	27,6k	8,53542	95,7k
8,53908	32,6k	8,53908	115,4k
8,55861	35,6k	8,55861	126,5k
8,59035	44,8k	8,59035	149,7k
8,61782	45,8k	8,61782	162,3k
8,61904	54,2k	8,61904	172,3k
8,64528	53,8k	8,64528	174,9k
8,67641	54,5k	8,67641	188,9k
8,67885	53k	8,67885	172,2k
8,70022	51,1k	8,70022	161,8k
8,73318	49,6k	8,73318	156,8k
8,73867	45,2k	8,73867	143,5k
8,7582	38,2k	8,7582	128,8k
8,79177	30,1k	8,79177	106,7k
8,81741	30,3k	8,81741	99k
8,81863	26k	8,81863	89,9k
8,84487	20k	8,84487	81,6k
8,87539	21,8k	8,87539	82,3k
8,87906	22,9k	8,87906	88,2k
8,90042	25,6k	8,90042	89,3k
8,93399	30,9k	8,93399	103,8k
8,93887	37,2k	8,93887	126,5k
8,95901	40,6k	8,95901	136,7k
8,99075	47,3k	8,99075	163,8k
8,99869	51,2k	8,99869	166,2k
9,01944	48,9k	9,01944	176k
9,04508	57,3k	9,04508	182,4k
9,07559	52,8k	9,07559	182,5k
9,07804	50,1k	9,07804	178,7k
9,10062	50,1k	9,10062	160,7k
9,13419	45,9k	9,13419	155,6k
9,13907	43,4k	9,13907	143,5k
9,1586	36,9k	9,1586	123,8k
9,19218	29,3k	9,19218	104,9k
9,21842	26,4k	9,21842	102,3k
9,21903	24,4k	9,21903	87,2k
9,24772	25k	9,24772	86,8k
9,27702	24,8k	9,27702	84k
9,27885	25k	9,27885	90,9k
9,30509	29,2k	9,30509	103k
9,335	33,1k	9,335	110,9k
9,33866	37,8k	9,33866	130k
9,35942	41,7k	9,35942	141,3k
9,3936	44,2k	9,3936	155,9k
9,39848	48,9k	9,39848	165,9k
9,41862	50,6k	9,41862	178,1k
9,45097	48,3k	9,45097	169,8k
9,47844	53,9k	9,47844	176,8k
9,47905	50,3k	9,47905	171,9k
9,50591	47,1k	9,50591	161,2k
9,5352	42,2k	9,5352	142,9k
9,53887	40,1k	9,53887	132,8k
9,5584	35,5k	9,5584	119,7k
9,59197	30,8k	9,59197	103,5k
9,6176	24,7k	9,6176	95,6k
9,61882	25,3k	9,61882	87,8k
9,64751	24,3k	9,64751	86,9k
9,67559	23,4k	9,67559	83,9k
9,67864	26,9k	9,67864	91,6k
9,70244	29,8k	9,70244	111,1k
9,73418	35k	9,73418	123,9k
9,73907	40,2k	9,73907	132,5k
9,7586	45,2k	9,7586	153,7k
9,7879	46,8k	9,7879	155,3k
9,81597	48,8k	9,81597	173,6k
9,81903	52,7k	9,81903	173,8k
9,83978	52,8k	9,83978	183k
9,87213	54,5k	9,87213	170,9k
9,89776	49,4k	9,89776	168,9k
9,89898	44,2k	9,89898	147k
9,92645	42,1k	9,92645	140k
9,95575	41,6k	9,95575	127,7k
9,9588	36,7k	9,9588	118,3k
9,98199	31,8k	9,98199	106,3k
