Stage Position (µm) - T&B	Coincidence Rate (Hz) - T&B	Stage Position (µm) - B	Coincidence Rate (Hz) - B
-0,00061037	0	-0,00061037	9,80159M
0,0201422	0	0,0201422	8,28065M
0,0408948	10	0,0408948	6,45204M
0,0598163	0	0,0598163	4,76026M
0,0799585	0	0,0799585	3,35377M
0,09888	0	0,09888	2,4909M
0,119633	0	0,119633	2,47193M
0,139775	0	0,139775	3,32283M
0,159917	0	0,159917	4,78229M
0,180059	3,33333	0,180059	6,54769M
0,198981	0	0,198981	8,21323M
0,219123	0	0,219123	9,60515M
0,239875	0	0,239875	10,7032M
0,260018	3,33333	0,260018	11,4844M
0,28016	0	0,28016	11,9096M
0,300302	0	0,300302	12,0364M
0,319834	0	0,319834	11,9229M
0,339976	0	0,339976	11,5544M
0,360118	6,66667	0,360118	10,9716M
0,380261	0	0,380261	10,0541M
0,399792	0	0,399792	8,81493M
0,419324	3,33333	0,419324	7,41197M
0,440077	0	0,440077	6,27128M
0,459609	3,33333	0,459609	5,25896M
0,479141	0	0,479141	4,39914M
0,499893	6,66667	0,499893	3,9072M
0,520035	3,33333	0,520035	4,09409M
0,538957	0	0,538957	4,91425M
0,559099	0	0,559099	6,03875M
0,579241	0	0,579241	7,34993M
0,599994	0	0,599994	8,59715M
0,620136	0	0,620136	9,67319M
0,640278	3,33333	0,640278	10,5409M
0,660421	0	0,660421	11,1314M
0,679952	0	0,679952	11,4619M
0,700095	3,33333	0,700095	11,563M
0,720237	0	0,720237	11,4287M
0,740379	0	0,740379	11,1273M
0,759911	0	0,759911	10,5901M
0,780663	3,33333	0,780663	9,84168M
0,800195	0	0,800195	8,91408M
0,819727	0	0,819727	7,85011M
0,839869	0	0,839869	6,68203M
0,860012	0	0,860012	5,65343M
0,880154	0	0,880154	4,86845M
0,899686	0	0,899686	4,51509M
0,917386	0	0,917386	4,6679M
0,93936	3,33333	0,93936	5,31522M
0,960112	6,66667	0,960112	6,30263M
0,979644	3,33333	0,979644	7,43113M
0,999786	0	0,999786	8,5118M
1,01993	3,33333	1,01993	9,54356M
1,04007	6,66667	1,04007	10,4039M
1,06021	0	1,06021	11,0585M
1,07974	3,33333	1,07974	11,48M
1,1005	7,02282	1,1005	11,687M
1,12003	3,33333	1,12003	11,6356M
1,14078	0	1,14078	11,3454M
1,16031	0	1,16031	10,8451M
1,17985	6,66667	1,17985	10,0519M
1,19999	0	1,19999	8,94331M
1,22013	0	1,22013	7,49976M
1,24027	0	1,24027	6,04076M
1,2598	0	1,2598	4,83473M
1,27995	0	1,27995	3,92171M
1,30009	0	1,30009	3,5034M
1,32023	0	1,32023	3,83888M
1,33854	0	1,33854	4,79415M
1,35929	0	1,35929	6,24256M
1,38005	0	1,38005	7,78543M
1,40019	0	1,40019	9,11513M
1,41972	0	1,41972	10,2627M
1,43986	3,33333	1,43986	11,108M
1,46001	0	1,46001	11,705M
1,48015	0	1,48015	12,012M
1,50029	0	1,50029	12,0537M
1,51982	6,66667	1,51982	11,8205M
1,53996	0	1,53996	11,2702M
1,56011	0	1,56011	10,4901M
1,58025	0	1,58025	9,36916M
1,59978	0	1,59978	8,06366M
1,61992	0	1,61992	6,57482M
1,64006	3,33333	1,64006	4,8657M
1,65838	3,33333	1,65838	3,48854M
1,67913	0	1,67913	3,17417M
1,69927	0	1,69927	3,06269M
1,72002	3,33333	1,72002	4,06365M
1,73956	0	1,73956	5,70367M
1,75848	0	1,75848	7,29382M
1,77923	0	1,77923	8,7937M
1,79998	0	1,79998	10,0474M
1,82012	3,33333	1,82012	10,995M
1,84027	0	1,84027	11,6535M
1,8598	0	1,8598	11,9941M
1,87994	10	1,87994	12,0864M
1,90008	3,33333	1,90008	11,8589M
1,92022	4,32089	1,92022	11,3277M
1,93976	0	1,93976	10,5191M
1,95929	0	1,95929	9,55474M
1,98004	0	1,98004	8,23528M
2,00018	0	2,00018	6,7903M
2,01971	0	2,01971	5,29776M
2,03925	0	2,03925	4,03525M
2,06	0	2,06	3,37176M
2,07892	0	2,07892	3,49481M
2,09967	0	2,09967	4,3172M
2,11982	0	2,11982	5,5751M
2,13996	3,33333	2,13996	6,9983M
2,1601	3,33333	2,1601	8,41557M
2,18085	3,33333	2,18085	9,57834M
2,20038	0	2,20038	10,5425M
2,21992	10	2,21992	11,1946M
2,24067	0	2,24067	11,6225M
2,2602	0	2,2602	11,7927M
2,27973	3,77278	2,27973	11,7188M
2,29987	0	2,29987	11,4171M
2,32002	0	2,32002	10,8778M
2,34016	0	2,34016	10,0772M
2,3603	0	2,3603	8,97459M
2,37983	0	2,37983	7,81999M
2,39998	0	2,39998	6,51289M
2,42073	0	2,42073	5,36399M
2,44026	0	2,44026	4,54252M
2,45979	0	2,45979	4,22701M
2,47993	0	2,47993	4,51902M
2,49947	0	2,49947	5,35836M
2,52022	0	2,52022	6,50261M
2,53975	3,33333	2,53975	7,66335M
2,5605	3,33333	2,5605	8,81486M
2,58003	3,33333	2,58003	9,78483M
2,60018	0	2,60018	10,5592M
2,61971	0	2,61971	11,0794M
2,63985	3,33333	2,63985	11,4301M
2,65999	0	2,65999	11,5817M
2,68014	3,33333	2,68014	11,5191M
2,70028	0	2,70028	11,1976M
2,71981	0	2,71981	10,6663M
2,74056	0	2,74056	9,98816M
2,76009	0	2,76009	9,05045M
2,78024	3,33333	2,78024	7,84018M
2,79977	0	2,79977	6,63709M
2,81991	0	2,81991	5,50884M
2,84066	3,33333	2,84066	4,61745M
2,85897	0	2,85897	4,2444M
2,87912	0	2,87912	4,41549M
2,89926	0	2,89926	5,15162M
2,92001	0	2,92001	6,18421M
2,94015	0	2,94015	7,38962M
2,95969	0	2,95969	8,57596M
2,97922	0	2,97922	9,58593M
2,99997	0	2,99997	10,4515M
3,02072	6,66667	3,02072	11,1214M
3,03964	6,66667	3,03964	11,5591M
3,05979	0	3,05979	11,7501M
3,07993	0	3,07993	11,6675M
3,10007	0	3,10007	11,3323M
3,12082	0	3,12082	10,7707M
3,14035	0	3,14035	9,92265M
3,15989	0	3,15989	8,77341M
3,18003	0	3,18003	7,37535M
3,20017	0	3,20017	5,92095M
3,21909	0	3,21909	4,72743M
3,23984	0	3,23984	3,85981M
3,25999	0	3,25999	3,62123M
3,28013	3,33333	3,28013	4,18549M
3,29844	0	3,29844	5,27904M
3,31919	0	3,31919	6,64336M
3,33995	3,33333	3,33995	8,05439M
3,36009	0	3,36009	9,36727M
3,37962	0	3,37962	10,4042M
3,39976	0	3,39976	11,1767M
3,4199	0	3,4199	11,6878M
3,44005	0	3,44005	11,932M
3,46019	0	3,46019	11,8611M
3,47972	0	3,47972	11,5575M
3,49986	6,66667	3,49986	11,1023M
3,52	0	3,52	10,4125M
3,54015	0	3,54015	9,33007M
3,5609	0	3,5609	7,88738M
3,57982	0	3,57982	6,46095M
3,59996	0	3,59996	5,06173M
3,6195	0	3,6195	3,95017M
3,64025	0	3,64025	3,44064M
3,66039	0	3,66039	3,70752M
3,67992	0	3,67992	4,62613M
3,69945	3,33333	3,69945	5,92246M
3,72021	0	3,72021	7,42876M
3,73974	3,33333	3,73974	8,66383M
3,76049	3,33333	3,76049	9,82426M
3,78063	3,33333	3,78063	10,7406M
3,80016	3,33333	3,80016	11,3832M
3,8197	0	3,8197	11,7468M
3,83984	0	3,83984	11,8481M
3,85998	10,7772	3,85998	11,6734M
3,88012	0	3,88012	11,2079M
3,90027	0	3,90027	10,4875M
3,9198	0	3,9198	9,58589M
3,93994	0	3,93994	8,36965M
3,96008	0	3,96008	7,13731M
3,98022	0	3,98022	5,96395M
3,99976	0	3,99976	4,93057M
4,0199	0	4,0199	4,18379M
4,03882	0	4,03882	4,0046M
4,06018	0	4,06018	4,48038M
4,07971	0	4,07971	5,48588M
4,09986	0	4,09986	6,76119M
4,11939	3,33333	4,11939	8,06706M
4,13953	0	4,13953	9,26115M
4,16089	6,66667	4,16089	10,2093M
4,17982	0	4,17982	10,9014M
4,19935	0	4,19935	11,3692M
4,2201	0	4,2201	11,5938M
4,24024	0	4,24024	11,5717M
4,25916	0	4,25916	11,3207M
4,27992	0	4,27992	10,7812M
4,30067	0	4,30067	9,96524M
4,3202	3,33333	4,3202	9,01853M
4,33973	0	4,33973	8,06346M
4,35987	0	4,35987	7,00903M
4,38002	0	4,38002	5,96353M
4,40016	0	4,40016	4,95634M
4,4203	0	4,4203	4,46289M
4,43922	0	4,43922	4,6109M
4,45997	0	4,45997	5,29699M
4,48012	3,33333	4,48012	6,38696M
4,50026	0	4,50026	7,54598M
4,51979	0	4,51979	8,69181M
4,53993	3,33333	4,53993	9,70711M
4,56008	0	4,56008	10,5017M
4,58022	3,33333	4,58022	11,0866M
4,59975	0	4,59975	11,4349M
4,61989	0	4,61989	11,575M
4,64003	3,33333	4,64003	11,4712M
4,66018	0	4,66018	11,2506M
4,67971	0	4,67971	10,8104M
4,69985	3,33333	4,69985	10,1161M
4,71999	3,33333	4,71999	9,16316M
4,74075	0	4,74075	8,02352M
4,76028	0	4,76028	6,80552M
4,77981	0	4,77981	5,61667M
4,79934	0	4,79934	4,70623M
4,82009	0	4,82009	4,26873M
4,83963	0	4,83963	4,44864M
4,85977	3,33333	4,85977	5,20006M
4,87991	0	4,87991	6,31849M
4,90066	3,33333	4,90066	7,54637M
4,91897	0	4,91897	8,749M
4,93912	0	4,93912	9,73489M
4,95987	0	4,95987	10,5996M
4,98001	3,33333	4,98001	11,2063M
5,00015	0	5,00015	11,5749M
5,02029	3,33333	5,02029	11,7108M
5,03983	4,09801	5,03983	11,5595M
5,05997	3,33333	5,05997	11,1777M
5,08011	3,33333	5,08011	10,5392M
5,10025	0	5,10025	9,66676M
5,11917	0	5,11917	8,70741M
5,13993	3,33333	5,13993	7,78277M
5,16007	0	5,16007	6,48306M
5,18082	0	5,18082	5,09815M
5,19852	0	5,19852	4,19175M
5,21928	0	5,21928	3,95323M
5,24003	0	5,24003	4,45333M
5,26017	0	5,26017	5,51685M
5,2797	0	5,2797	6,84002M
5,29862	0	5,29862	8,14549M
5,31938	0	5,31938	9,33011M
5,33952	3,33333	5,33952	10,2771M
5,36027	0	5,36027	10,9464M
5,3798	6,66667	5,3798	11,4949M
5,39995	0	5,39995	11,7362M
5,42009	0	5,42009	11,7006M
5,44084	3,33333	5,44084	11,432M
5,46037	0	5,46037	10,8811M
5,4799	0	5,4799	10,1175M
5,50005	0	5,50005	9,15302M
5,52019	0	5,52019	8,02334M
5,53972	0	5,53972	6,84069M
5,56047	0	5,56047	5,6293M
5,58	0	5,58	4,60327M
5,60015	0	5,60015	4,1032M
5,61907	0	5,61907	4,293M
5,63982	0	5,63982	5,0739M
5,65996	0	5,65996	6,25492M
5,6801	0	5,6801	7,57613M
5,69903	0	5,69903	8,74249M
5,71978	0	5,71978	9,75731M
5,73992	0	5,73992	10,576M
5,76006	0	5,76006	11,15M
5,78021	0	5,78021	11,5038M
5,80035	0	5,80035	11,6177M
5,81988	0	5,81988	11,5172M
5,84002	0	5,84002	11,1391M
5,86016	0	5,86016	10,5984M
5,8797	3,33333	5,8797	9,85307M
5,89984	3,33333	5,89984	8,99782M
5,91998	0	5,91998	7,89643M
5,94012	0	5,94012	6,65176M
5,96026	0	5,96026	5,4791M
5,97919	0	5,97919	4,72862M
5,99994	3,33333	5,99994	4,52662M
6,02008	0	6,02008	4,91048M
6,04022	0	6,04022	5,78374M
6,05853	6,66667	6,05853	6,83853M
6,07929	0	6,07929	7,93908M
6,10004	3,33333	6,10004	8,98973M
6,12018	0	6,12018	9,86206M
6,13971	3,33333	6,13971	10,5328M
6,16047	3,33333	6,16047	11,0484M
6,18	0	6,18	11,3954M
6,20014	6,66667	6,20014	11,4731M
6,22089	0	6,22089	11,2637M
6,24042	0	6,24042	10,9284M
6,25996	0	6,25996	10,3115M
6,2801	0	6,2801	9,55336M
6,30024	0	6,30024	8,56558M
6,31977	3,33333	6,31977	7,4955M
6,34053	0	6,34053	6,3446M
6,36006	0	6,36006	5,38853M
6,37898	0	6,37898	4,80136M
6,39912	0	6,39912	4,69534M
6,41987	0	6,41987	5,14508M
6,44063	3,33333	6,44063	6,02073M
6,46016	0	6,46016	7,09144M
6,47908	0	6,47908	8,19548M
6,49983	0	6,49983	9,21819M
6,51997	0	6,51997	10,069M
6,54073	0	6,54073	10,7808M
6,56026	0	6,56026	11,2315M
6,57979	0	6,57979	11,4579M
6,59993	10	6,59993	11,4857M
6,62008	0	6,62008	11,3069M
6,64022	10	6,64022	10,885M
6,65975	3,33333	6,65975	10,251M
6,67989	3,33333	6,67989	9,36563M
6,70064	0	6,70064	8,3351M
6,72018	0	6,72018	7,21722M
6,73971	0	6,73971	6,14949M
6,75985	0	6,75985	5,12738M
6,77999	0	6,77999	4,55911M
6,79891	3,33333	6,79891	4,5852M
6,82028	3,33333	6,82028	5,19548M
6,83981	0	6,83981	6,17818M
6,85995	0	6,85995	7,33266M
6,8807	0	6,8807	8,49146M
6,90023	0	6,90023	9,50455M
6,91977	0	6,91977	10,3344M
6,94052	0	6,94052	10,9643M
6,96005	0	6,96005	11,3827M
6,98019	0	6,98019	11,569M
6,99973	0	6,99973	11,5293M
7,01987	6,66667	7,01987	11,2475M
7,04001	3,33333	7,04001	10,7768M
7,06015	0	7,06015	10,0747M
7,0809	0	7,0809	9,09699M
7,10044	0	7,10044	8,0194M
7,11997	6,66667	7,11997	6,76591M
7,14011	0	7,14011	5,66331M
7,16025	0	7,16025	4,8441M
7,17978	3,33333	7,17978	4,45426M
7,19932	0	7,19932	4,63967M
7,21946	0	7,21946	5,35925M
7,24021	0	7,24021	6,4345M
7,26035	0	7,26035	7,57909M
7,27989	0	7,27989	8,68929M
7,30064	0	7,30064	9,70218M
7,32078	3,33333	7,32078	10,5161M
7,3397	3,33333	7,3397	11,097M
7,36045	0	7,36045	11,4253M
7,37999	3,33333	7,37999	11,5349M
7,40013	0	7,40013	11,3791M
7,42027	0	7,42027	10,9609M
7,44041	3,33333	7,44041	10,3597M
7,45994	0	7,45994	9,47292M
7,48009	0	7,48009	8,42773M
7,50023	0	7,50023	7,31932M
7,51976	0	7,51976	6,29848M
7,5399	0	7,5399	5,35229M
7,55943	0	7,55943	4,79715M
7,58019	0	7,58019	4,72913M
7,60033	6,66667	7,60033	5,18654M
7,61986	3,33333	7,61986	6,05082M
7,63939	0	7,63939	7,13552M
7,66015	3,33333	7,66015	8,19852M
7,68029	0	7,68029	9,22825M
7,69982	0	7,69982	10,0443M
7,71996	0	7,71996	10,7244M
7,74071	3,33333	7,74071	11,1635M
7,76025	0	7,76025	11,3786M
7,77978	0	7,77978	11,3785M
7,79992	0	7,79992	11,163M
7,82006	3,33333	7,82006	10,7131M
7,84082	0	7,84082	10,092M
7,85974	3,33333	7,85974	9,24237M
7,87988	0	7,87988	8,29123M
7,90063	0	7,90063	7,17134M
7,92016	0	7,92016	6,18068M
7,9397	0	7,9397	5,38575M
7,95923	0	7,95923	4,98103M
7,97937	0	7,97937	5,06783M
8,00012	0	8,00012	5,59926M
8,02026	0	8,02026	6,50224M
8,0398	3,33333	8,0398	7,53202M
8,06055	0	8,06055	8,59888M
8,08069	3,33333	8,08069	9,51797M
8,10022	3,33333	8,10022	10,2722M
8,12037	0	8,12037	10,8279M
8,1399	0	8,1399	11,1808M
8,16004	3,33333	8,16004	11,3353M
8,18079	0	8,18079	11,2655M
8,19971	0	8,19971	11,0084M
8,21986	0	8,21986	10,5349M
8,24	0	8,24	9,88098M
8,26014	0	8,26014	9,05635M
8,28028	0	8,28028	8,04339M
8,30042	0	8,30042	7,03132M
8,31996	0	8,31996	6,09289M
8,3401	0	8,3401	5,35511M
8,36024	0	8,36024	5,00457M
8,37977	0	8,37977	5,14355M
8,40052	0	8,40052	5,7352M
8,41945	0	8,41945	6,63016M
8,43959	3,33333	8,43959	7,67308M
8,45973	0	8,45973	8,64575M
8,47987	0	8,47987	9,59681M
8,50063	0	8,50063	10,3497M
8,52077	0	8,52077	10,9034M
8,54091	0	8,54091	11,2269M
8,55983	0	8,55983	11,3567M
8,58058	0	8,58058	11,2643M
8,60073	0	8,60073	10,9521M
8,62026	0	8,62026	10,4598M
8,6404	3,33333	8,6404	9,80534M
8,66054	0	8,66054	8,90866M
8,68007	0	8,68007	7,90643M
8,70022	3,33333	8,70022	6,73391M
8,71975	0	8,71975	5,82961M
8,73989	0	8,73989	5,15637M
8,76003	0	8,76003	4,92275M
8,78018	0	8,78018	5,18488M
8,79971	0	8,79971	5,86443M
8,81924	3,33333	8,81924	6,84573M
8,83999	0	8,83999	7,89151M
8,85952	0	8,85952	8,90019M
8,88028	0	8,88028	9,79475M
8,89981	3,33333	8,89981	10,4907M
8,91995	0	8,91995	11,0063M
8,94009	0	8,94009	11,2981M
8,96023	3,33333	8,96023	11,3617M
8,97977	0	8,97977	11,203M
8,99991	0	8,99991	10,8316M
9,02005	6,66667	9,02005	10,2834M
9,04019	0	9,04019	9,4793M
9,05972	0	9,05972	8,63053M
9,07987	0	9,07987	7,66731M
9,10001	6,66667	9,10001	6,61592M
9,12015	0	9,12015	5,67776M
9,1409	0	9,1409	5,1054M
9,16044	3,33333	9,16044	5,03198M
9,18058	3,33333	9,18058	5,4576M
9,1995	0	9,1995	6,28265M
9,22025	0	9,22025	7,32818M
9,23978	3,33333	9,23978	8,28298M
9,25993	0	9,25993	9,22379M
9,28068	3,33333	9,28068	10,0251M
9,30021	0	9,30021	10,6226M
9,32035	3,33333	9,32035	11,0238M
9,33988	0	9,33988	11,2644M
9,36003	0	9,36003	11,2802M
9,38078	0	9,38078	11,0432M
9,40031	3,33333	9,40031	10,5668M
9,41984	0	9,41984	9,90581M
9,4406	6,66667	9,4406	9,0353M
9,46013	0	9,46013	8,07127M
9,48088	0	9,48088	7,05413M
9,4998	0	9,4998	6,14341M
9,51994	0	9,51994	5,47831M
9,5407	6,66667	9,5407	5,19971M
9,56023	0	9,56023	5,38222M
9,57976	3,33333	9,57976	5,90856M
9,59929	0	9,59929	6,74943M
9,62004	0	9,62004	7,72266M
9,64019	0	9,64019	8,70274M
9,66033	0	9,66033	9,54582M
9,67986	0	9,67986	10,2104M
9,70061	0	9,70061	10,7459M
9,72015	6,66667	9,72015	11,0768M
9,7409	0	9,7409	11,2024M
9,75982	0	9,75982	11,1075M
9,77996	0	9,77996	10,8113M
9,80071	0	9,80071	10,3045M
9,82086	0	9,82086	9,60104M
9,83978	0	9,83978	8,78069M
9,85992	0	9,85992	7,81365M
9,88006	0	9,88006	6,89398M
9,9002	0	9,9002	6,11366M
9,91974	0	9,91974	5,55612M
9,93988	3,33333	9,93988	5,39267M
9,95941	0	9,95941	5,67551M
9,97955	3,33333	9,97955	6,34244M
9,99969	0	9,99969	7,18688M
