Stage Position (µm) - T&B	Coincidence Rate (Hz) - T&B	Stage Position (µm) - B	Coincidence Rate (Hz) - B
0	100k	0	200k
0,0140385	0	0,0140385	100k
0,0183111	0	0,0183111	0
0,0384533	100k	0,0384533	200k
0,0689718	100k	0,0689718	100k
0,0964385	100k	0,0964385	200k
0,0982696	0	0,0982696	0
0,122684	0	0,122684	0
0,153203	0	0,153203	0
0,158086	0	0,158086	100k
0,177618	0	0,177618	0
0,209967	100k	0,209967	400k
0,236824	0	0,236824	100k
0,238044	100k	0,238044	300k
0,266121	200k	0,266121	300k
0,294809	0	0,294809	200k
0,298471	0	0,298471	0
0,318613	100k	0,318613	100k
0,351573	200k	0,351573	300k
0,377209	0	0,377209	100k
0,37843	0	0,37843	100k
0,407117	100k	0,407117	100k
0,435804	100k	0,435804	300k
0,438246	0	0,438246	200k
0,463881	100k	0,463881	100k
0,49501	0	0,49501	0
0,498062	0	0,498062	0
0,522477	0	0,522477	0
0,554827	0	0,554827	0
0,557878	0	0,557878	100k
0,581683	0	0,581683	0
0,614032	100k	0,614032	100k
0,618305	0	0,618305	0
0,637837	0	0,637837	0
0,670186	100k	0,670186	200k
0,696432	100k	0,696432	200k
0,697653	0	0,697653	300k
0,726951	0	0,726951	300k
0,756249	0	0,756249	100k
0,75808	300k	0,75808	700k
0,781884	0	0,781884	0
0,814844	0	0,814844	100k
0,818506	100k	0,818506	100k
0,838038	100k	0,838038	100k
0,872829	100k	0,872829	300k
0,878323	200k	0,878323	300k
0,897855	0	0,897855	0
0,930815	0	0,930815	200k
0,95645	0	0,95645	0
0,958281	0	0,958281	100k
0,983306	0	0,983306	0
1,01382	0	1,01382	0
1,0181	100k	1,0181	100k
1,03946	100k	1,03946	300k
1,07364	100k	1,07364	200k
1,07791	100k	1,07791	200k
1,09806	0	1,09806	0
1,13163	100k	1,13163	100k
1,15726	100k	1,15726	200k
1,15787	0	1,15787	100k
1,18717	100k	1,18717	200k
1,21586	200k	1,21586	400k
1,21891	0	1,21891	0
1,2421	0	1,2421	0
1,27384	0	1,27384	100k
1,27873	0	1,27873	100k
1,29887	0	1,29887	0
1,33183	200k	1,33183	300k
1,35685	0	1,35685	0
1,35807	0	1,35807	0
1,38615	100k	1,38615	200k
1,41484	100k	1,41484	200k
1,41789	100k	1,41789	200k
1,43986	100k	1,43986	100k
1,47343	200k	1,47343	400k
1,47832	0	1,47832	100k
1,49846	0	1,49846	100k
1,53142	0	1,53142	0
1,55705	0	1,55705	600k
1,55828	100k	1,55828	200k
1,58513	0	1,58513	0
1,61504	0	1,61504	300k
1,61809	0	1,61809	100k
1,63884	0	1,63884	0
1,6718	0	1,6718	200k
1,67791	0	1,67791	100k
1,69805	0	1,69805	100k
1,73162	0	1,73162	0
1,75665	200k	1,75665	400k
1,75848	100k	1,75848	500k
1,78838	0	1,78838	0
1,81707	0	1,81707	0
1,81829	0	1,81829	0
1,84576	200k	1,84576	400k
1,87506	0	1,87506	100k
1,87811	0	1,87811	200k
1,90069	0	1,90069	300k
1,93243	200k	1,93243	500k
1,93793	0	1,93793	100k
1,95807	0	1,95807	400k
1,98981	300k	1,98981	500k
2,01727	100k	2,01727	100k
2,01849	100k	2,01849	100k
2,0484	0	2,0484	0
2,07648	0	2,07648	100k
2,07831	0	2,07831	100k
2,10211	100k	2,10211	200k
2,13324	100k	2,13324	100k
2,13813	0	2,13813	200k
2,15827	0	2,15827	400k
2,18818	100k	2,18818	200k
2,21686	100k	2,21686	300k
2,21809	100k	2,21809	100k
2,24433	0	2,24433	0
2,27485	0	2,27485	200k
2,2779	100k	2,2779	200k
2,30049	0	2,30049	0
2,33222	0	2,33222	0
2,33833	800k	2,33833	900k
2,35908	0	2,35908	200k
2,38899	100k	2,38899	100k
2,41646	0	2,41646	0
2,4189	0	2,4189	0
2,44514	0	2,44514	0
2,47444	0	2,47444	100k
2,47871	0	2,47871	100k
2,49886	0	2,49886	100k
2,53121	0	2,53121	100k
2,53853	0	2,53853	0
2,55867	0	2,55867	100k
2,59041	0	2,59041	0
2,61666	0	2,61666	300k
2,61849	0	2,61849	100k
2,64351	0	2,64351	200k
2,67464	100k	2,67464	100k
2,6783	0	2,6783	0
2,69845	0	2,69845	0
2,73141	0	2,73141	200k
2,75765	0	2,75765	100k
2,75765	0	2,75765	100k
2,78817	0	2,78817	0
2,81625	100k	2,81625	100k
2,81808	0	2,81808	0
2,8431	0	2,8431	0
2,87362	0	2,87362	0
2,8779	0	2,8779	0
2,89865	0	2,89865	200k
2,93161	0	2,93161	300k
2,95785	0	2,95785	400k
2,95846	0	2,95846	400k
2,98532	100k	2,98532	200k
3,01523	0	3,01523	400k
3,01889	100k	3,01889	500k
3,04086	0	3,04086	200k
3,07321	0	3,07321	300k
3,09763	0	3,09763	200k
3,09885	0	3,09885	200k
3,1312	0	3,1312	0
3,13852	100k	3,13852	400k
3,15806	0	3,15806	100k
3,18735	0	3,18735	100k
3,21482	0	3,21482	0
3,21848	0	3,21848	0
3,23923	100k	3,23923	100k
3,27219	0	3,27219	100k
3,29783	0	3,29783	200k
3,29844	200k	3,29844	400k
3,32835	200k	3,32835	400k
3,35704	0	3,35704	0
3,35826	100k	3,35826	100k
3,38572	100k	3,38572	200k
3,41563	100k	3,41563	300k
3,41807	200k	3,41807	600k
3,43883	100k	3,43883	300k
3,47179	100k	3,47179	300k
3,47789	100k	3,47789	100k
3,49864	0	3,49864	0
3,53038	100k	3,53038	300k
3,55724	0	3,55724	200k
3,55907	0	3,55907	100k
3,58654	0	3,58654	100k
3,61644	0	3,61644	0
3,61827	0	3,61827	0
3,64208	100k	3,64208	100k
3,67443	0	3,67443	400k
3,6787	0	3,6787	100k
3,69884	0	3,69884	0
3,7318	0	3,7318	100k
3,73791	100k	3,73791	300k
3,75805	0	3,75805	200k
3,78796	100k	3,78796	200k
3,81664	0	3,81664	100k
3,81848	0	3,81848	0
3,8435	100k	3,8435	400k
3,87524	200k	3,87524	300k
3,8789	100k	3,8789	200k
3,89966	100k	3,89966	100k
3,93384	0	3,93384	0
3,95764	0	3,95764	100k
3,95825	100k	3,95825	100k
3,99121	100k	3,99121	100k
4,01746	0	4,01746	0
4,01807	0	4,01807	100k
4,04981	100k	4,04981	400k
4,07727	200k	4,07727	200k
4,07788	0	4,07788	0
4,10779	0	4,10779	200k
4,13709	200k	4,13709	300k
4,13892	0	4,13892	200k
4,16334	100k	4,16334	100k
4,19446	200k	4,19446	400k
4,19874	100k	4,19874	100k
4,21827	100k	4,21827	300k
4,25062	0	4,25062	0
4,27747	100k	4,27747	100k
4,27808	0	4,27808	0
4,30982	0	4,30982	100k
4,33668	0	4,33668	200k
4,3379	100k	4,3379	200k
4,36781	0	4,36781	200k
4,39589	0	4,39589	0
4,39833	0	4,39833	0
4,42091	0	4,42091	0
4,45326	0	4,45326	0
4,45814	100k	4,45814	100k
4,4789	0	4,4789	0
4,50758	0	4,50758	200k
4,53627	200k	4,53627	300k
4,5381	0	4,5381	100k
4,56252	0	4,56252	0
4,59365	200k	4,59365	300k
4,59853	100k	4,59853	200k
4,61806	0	4,61806	300k
4,65224	100k	4,65224	300k
4,67727	0	4,67727	0
4,67788	0	4,67788	100k
4,70779	0	4,70779	0
4,73708	100k	4,73708	300k
4,7383	100k	4,7383	500k
4,76272	0	4,76272	0
4,79385	0	4,79385	100k
4,79873	0	4,79873	100k
4,81826	0	4,81826	0
4,84939	0	4,84939	0
4,87747	0	4,87747	0
4,87808	100k	4,87808	100k
4,90555	0	4,90555	700k
4,93545	0	4,93545	100k
4,93789	0	4,93789	300k
4,96109	100k	4,96109	300k
4,99344	0	4,99344	100k
4,99893	0	4,99893	200k
5,01907	0	5,01907	0
5,0502	0	5,0502	100k
5,07767	100k	5,07767	100k
5,07889	100k	5,07889	100k
5,10575	100k	5,10575	300k
5,13627	0	5,13627	200k
5,13871	0	5,13871	300k
5,16007	0	5,16007	100k
5,19364	0	5,19364	0
5,19852	0	5,19852	0
5,21867	0	5,21867	0
5,25285	0	5,25285	100k
5,27726	100k	5,27726	200k
5,27787	100k	5,27787	600k
5,31022	100k	5,31022	300k
5,33708	0	5,33708	200k
5,33891	300k	5,33891	500k
5,36393	0	5,36393	300k
5,39445	0	5,39445	0
5,39811	0	5,39811	0
5,41887	100k	5,41887	200k
5,45305	0	5,45305	300k
5,45854	0	5,45854	500k
5,47807	100k	5,47807	300k
5,51042	0	5,51042	0
5,53728	100k	5,53728	200k
5,53789	0	5,53789	0
5,56597	0	5,56597	100k
5,59526	0	5,59526	100k
5,59893	0	5,59893	0
5,61968	0	5,61968	0
5,65142	0	5,65142	100k
5,67766	0	5,67766	100k
5,67888	100k	5,67888	200k
5,70879	100k	5,70879	600k
5,73687	100k	5,73687	300k
5,7387	0	5,7387	100k
5,768	200k	5,768	300k
5,79669	0	5,79669	200k
5,79852	100k	5,79852	200k
5,82232	0	5,82232	0
5,85345	0	5,85345	100k
5,85833	0	5,85833	300k
5,87786	0	5,87786	200k
5,91205	100k	5,91205	400k
5,91815	0	5,91815	200k
5,9389	0	5,9389	0
5,97064	0	5,97064	0
5,99689	0	5,99689	0
5,99872	0	5,99872	100k
6,02802	100k	6,02802	100k
6,05609	100k	6,05609	100k
6,05853	100k	6,05853	200k
6,08051	0	6,08051	300k
6,11408	100k	6,11408	300k
6,11896	0	6,11896	100k
6,13849	100k	6,13849	500k
6,17084	200k	6,17084	400k
6,19709	0	6,19709	0
6,19892	0	6,19892	100k
6,22517	100k	6,22517	200k
6,25507	0	6,25507	0
6,25874	100k	6,25874	100k
6,28132	100k	6,28132	300k
6,31245	0	6,31245	0
6,31855	100k	6,31855	500k
6,33869	0	6,33869	0
6,36921	0	6,36921	0
6,39668	0	6,39668	100k
6,39851	0	6,39851	0
6,42232	0	6,42232	100k
6,45344	0	6,45344	0
6,45894	200k	6,45894	300k
6,47908	0	6,47908	100k
6,51143	0	6,51143	200k
6,51814	0	6,51814	0
6,5389	0	6,5389	0
6,56758	0	6,56758	0
6,59627	300k	6,59627	400k
6,59871	100k	6,59871	100k
6,62313	0	6,62313	0
6,65548	0	6,65548	100k
6,65853	100k	6,65853	300k
6,67928	0	6,67928	0
6,71407	0	6,71407	200k
6,71896	100k	6,71896	200k
6,73849	0	6,73849	200k
6,77145	100k	6,77145	100k
6,7983	100k	6,7983	100k
6,79891	0	6,79891	0
6,82882	0	6,82882	200k
6,8569	200k	6,8569	300k
6,85873	0	6,85873	500k
6,88559	0	6,88559	100k
6,91488	0	6,91488	100k
6,91855	100k	6,91855	500k
6,94174	100k	6,94174	300k
6,9747	100k	6,9747	100k
6,97836	0	6,97836	200k
6,9985	0	6,9985	200k
7,03207	0	7,03207	0
7,0571	0	7,0571	300k
7,05832	300k	7,05832	300k
7,08823	0	7,08823	0
7,11631	0	7,11631	0
7,11814	0	7,11814	0
7,14499	0	7,14499	0
7,17612	0	7,17612	0
7,17856	100k	7,17856	100k
7,20054	0	7,20054	0
7,2335	0	7,2335	200k
7,23899	100k	7,23899	100k
7,25852	0	7,25852	100k
7,29209	0	7,29209	0
7,31834	0	7,31834	200k
7,31895	0	7,31895	100k
7,34886	0	7,34886	100k
7,37693	0	7,37693	100k
7,37877	100k	7,37877	300k
7,40318	0	7,40318	200k
7,43431	0	7,43431	100k
7,43858	0	7,43858	200k
7,45872	0	7,45872	100k
7,49046	0	7,49046	0
7,51671	100k	7,51671	100k
7,51854	0	7,51854	0
7,54662	0	7,54662	100k
7,57653	0	7,57653	100k
7,57897	0	7,57897	100k
7,60216	100k	7,60216	300k
7,63512	100k	7,63512	200k
7,63878	100k	7,63878	100k
7,65831	0	7,65831	300k
7,69311	0	7,69311	0
7,71752	100k	7,71752	300k
7,71813	0	7,71813	100k
7,74926	0	7,74926	0
7,77734	0	7,77734	0
7,77795	100k	7,77795	300k
7,80419	0	7,80419	0
7,83471	0	7,83471	200k
7,83898	100k	7,83898	300k
7,86035	100k	7,86035	200k
7,8927	0	7,8927	0
7,8988	0	7,8988	0
7,91894	0	7,91894	200k
7,95068	100k	7,95068	100k
7,97754	100k	7,97754	100k
7,97876	0	7,97876	100k
8,00623	0	8,00623	200k
8,03552	0	8,03552	0
8,03858	200k	8,03858	200k
8,05872	100k	8,05872	100k
8,09168	100k	8,09168	300k
8,11731	100k	8,11731	600k
8,11853	200k	8,11853	300k
8,14783	0	8,14783	400k
8,17713	0	8,17713	200k
8,17896	0	8,17896	0
8,20521	0	8,20521	0
8,23572	0	8,23572	100k
8,23878	0	8,23878	300k
8,26136	0	8,26136	100k
8,29493	0	8,29493	100k
8,2992	0	8,2992	200k
8,31812	0	8,31812	0
8,35047	100k	8,35047	200k
8,37611	100k	8,37611	100k
8,37794	100k	8,37794	100k
8,40297	0	8,40297	100k
8,43471	0	8,43471	0
8,43898	0	8,43898	100k
8,45851	0	8,45851	100k
8,49086	100k	8,49086	200k
8,51711	0	8,51711	0
8,51894	0	8,51894	300k
8,54579	0	8,54579	200k
8,5757	0	8,5757	0
8,57875	200k	8,57875	200k
8,60256	0	8,60256	100k
8,6343	0	8,6343	0
8,63857	0	8,63857	0
8,65871	0	8,65871	100k
8,68862	0	8,68862	100k
8,71731	0	8,71731	0
8,71792	0	8,71792	0
8,74783	0	8,74783	100k
8,77651	0	8,77651	100k
8,77834	0	8,77834	0
8,80215	100k	8,80215	300k
8,8345	0	8,8345	300k
8,83877	0	8,83877	0
8,85891	200k	8,85891	200k
8,89126	0	8,89126	200k
8,91812	0	8,91812	300k
8,91812	0	8,91812	200k
8,94925	100k	8,94925	200k
8,9761	100k	8,9761	100k
8,97855	0	8,97855	0
9,00296	100k	9,00296	100k
9,03409	200k	9,03409	300k
9,03836	0	9,03836	100k
9,05911	0	9,05911	200k
9,0933	0	9,0933	100k
9,09879	0	9,09879	0
9,11893	0	9,11893	0
9,15006	0	9,15006	100k
9,17753	0	9,17753	0
9,17875	100k	9,17875	200k
9,2056	100k	9,2056	100k
9,23612	100k	9,23612	200k
9,23856	0	9,23856	0
9,25993	100k	9,25993	300k
9,29411	0	9,29411	200k
9,29899	100k	9,29899	100k
9,31852	200k	9,31852	400k
9,34904	0	9,34904	0
9,37712	0	9,37712	200k
9,37895	200k	9,37895	200k
9,4058	0	9,4058	0
9,4351	0	9,4351	0
9,43876	100k	9,43876	100k
9,46135	100k	9,46135	100k
9,49248	0	9,49248	0
9,49858	0	9,49858	0
9,51811	0	9,51811	0
9,55107	0	9,55107	0
9,57671	0	9,57671	100k
9,57854	0	9,57854	0
9,60234	0	9,60234	100k
9,63408	100k	9,63408	200k
9,63897	100k	9,63897	100k
9,6585	0	9,6585	400k
9,68902	100k	9,68902	300k
9,7177	0	9,7177	200k
9,71892	0	9,71892	200k
9,74761	300k	9,74761	600k
9,77691	100k	9,77691	200k
9,77874	100k	9,77874	100k
9,80071	0	9,80071	0
9,83245	0	9,83245	200k
9,83856	100k	9,83856	200k
9,8587	0	9,8587	0
9,89044	0	9,89044	100k
9,91668	0	9,91668	100k
9,91852	0	9,91852	0
9,94476	0	9,94476	0
9,9765	0	9,9765	0
9,97894	100k	9,97894	400k
