Stage Position (µm) - T&B	Coincidence Rate (Hz) - T&B	Stage Position (µm) - B	Coincidence Rate (Hz) - B
0,00061037	41,61k	0,00061037	142,827k
0,0201422	49,3033k	0,0201422	166,103k
0,0390637	54,7067k	0,0390637	184,24k
0,0592059	57,9933k	0,0592059	194,54k
0,0799585	61,1233k	0,0799585	203,17k
0,0994903	59,7967k	0,0994903	198,783k
0,119633	58,7867k	0,119633	193,9k
0,139775	54,4633k	0,139775	181,32k
0,159917	47,8267k	0,159917	160,71k
0,180059	41,6367k	0,180059	138,56k
0,200201	34,6367k	0,200201	115,687k
0,219123	27,41k	0,219123	92,64k
0,239875	21,72k	0,239875	73,8033k
0,260018	17,6533k	0,260018	60,0233k
0,28077	15,8067k	0,28077	53,2633k
0,298471	16,6k	0,298471	56,1867k
0,319224	19,1467k	0,319224	66,5667k
0,339976	24,4567k	0,339976	85,3067k
0,360118	30,7533k	0,360118	106,92k
0,37904	38,3267k	0,37904	131,37k
0,399792	45,04k	0,399792	153,583k
0,419935	52,15k	0,419935	174,66k
0,440077	57,24k	0,440077	191,667k
0,458998	60,16k	0,458998	201,13k
0,479141	60,15k	0,479141	203,073k
0,499893	60,13k	0,499893	197,9k
0,520035	56,6467k	0,520035	187,963k
0,538347	50,86k	0,538347	170,367k
0,559709	45,0967k	0,559709	149,453k
0,579852	37,4933k	0,579852	125,36k
0,599994	30,1067k	0,599994	100,957k
0,618915	23,56k	0,618915	80,7067k
0,639668	19,0467k	0,639668	64,3733k
0,65981	16,12k	0,65981	55,4233k
0,680563	15,95k	0,680563	55,4067k
0,698874	18,1767k	0,698874	62,67k
0,720237	22,1333k	0,720237	76,91k
0,739769	27,7267k	0,739769	97,8667k
0,759911	35,3933k	0,759911	121,967k
0,778832	42,2033k	0,778832	144,717k
0,799585	48,9233k	0,799585	165,4k
0,819727	55,1367k	0,819727	184,483k
0,839869	58,0633k	0,839869	197,047k
0,860012	61,3333k	0,860012	202,927k
0,878933	60,6467k	0,878933	198,95k
0,899686	57,7833k	0,899686	190,277k
0,919828	52,62k	0,919828	174,163k
0,938139	46,1767k	0,938139	153,19k
0,959502	39,3167k	0,959502	131,373k
0,979644	31,96k	0,979644	107,017k
0,999786	25,5633k	0,999786	85,6967k
1,01993	19,69k	1,01993	68,37k
1,03885	16,7133k	1,03885	58,2133k
1,0596	15,7k	1,0596	54,1333k
1,07974	16,6367k	1,07974	59,0167k
1,09806	20,63k	1,09806	71,58k
1,11942	25,8133k	1,11942	89,1367k
1,14017	31,71k	1,14017	110,943k
1,1597	39,48k	1,1597	134,483k
1,17801	46,3167k	1,17801	157,833k
1,19938	52,4933k	1,19938	177,703k
1,22013	57,45k	1,22013	190,99k
1,24027	60,6067k	1,24027	202,097k
1,25797	60,3767k	1,25797	199,483k
1,27934	58,6333k	1,27934	195,93k
1,29948	54,5733k	1,29948	179,627k
1,32023	48,74k	1,32023	163,073k
1,33976	42,99k	1,33976	142,5k
1,35868	35,4667k	1,35868	118,41k
1,37944	28,4567k	1,37944	96,4433k
1,40019	22,99k	1,40019	77,8633k
1,41911	18,8033k	1,41911	64,61k
1,44047	16,4267k	1,44047	56,5533k
1,45878	16,2467k	1,45878	56,58k
1,48015	18,6367k	1,48015	64,4767k
1,49968	23,0467k	1,49968	79,5633k
1,51982	27,9867k	1,51982	97,7733k
1,53752	35,8167k	1,53752	122,84k
1,5595	42,89k	1,5595	146,427k
1,58025	49,4033k	1,58025	168,62k
1,59978	54,3333k	1,59978	183,733k
1,61992	58,67k	1,61992	195,74k
1,63884	61,0367k	1,63884	202,08k
1,66021	59,5067k	1,66021	197,417k
1,67913	56,87k	1,67913	189,533k
1,69988	52,7933k	1,69988	174,357k
1,7188	46,5933k	1,7188	154,843k
1,73956	39,4033k	1,73956	131,253k
1,7597	32,8167k	1,7597	108,86k
1,77984	26,26k	1,77984	88,06k
1,79937	20,6867k	1,79937	70,6133k
1,82012	17,5033k	1,82012	59,7067k
1,83966	16,0133k	1,83966	55,6267k
1,8598	17,01k	1,8598	60,0833k
1,87994	20,0367k	1,87994	70,7933k
1,89886	25,03k	1,89886	86,6233k
1,92022	31,5933k	1,92022	109,857k
1,93976	38,4133k	1,93976	130,54k
1,9599	45,4567k	1,9599	153,42k
1,98065	50,6767k	1,98065	171,813k
1,99896	55,9233k	1,99896	187,177k
2,0191	59,5633k	2,0191	197,84k
2,03986	60,04k	2,03986	199,48k
2,06	60,4567k	2,06	199,9k
2,08014	55,68k	2,08014	187,523k
2,09906	51,09k	2,09906	170,827k
2,11921	44,2833k	2,11921	149,517k
2,13996	37,2667k	2,13996	124,357k
2,1601	30,5233k	2,1601	102,247k
2,18024	24,2k	2,18024	81,73k
2,19855	19,2367k	2,19855	66,7k
2,21992	16,56k	2,21992	58,6567k
2,24006	16,5667k	2,24006	57,0767k
2,2602	17,8033k	2,2602	63,3967k
2,27912	21,96k	2,27912	76,8467k
2,29987	28,1533k	2,29987	97,81k
2,32002	35,1467k	2,32002	121,383k
2,33833	42,19k	2,33833	145,003k
2,3603	48,73k	2,3603	165,123k
2,37983	54,9767k	2,37983	184,1k
2,39998	57,6467k	2,39998	193,657k
2,42073	59,9467k	2,42073	201,167k
2,43965	60,1867k	2,43965	198,897k
2,45918	56,9k	2,45918	189,583k
2,47993	51,63k	2,47993	171,73k
2,50008	46,22k	2,50008	153,24k
2,52083	39,3833k	2,52083	129,907k
2,53853	32,12k	2,53853	108,19k
2,55928	26,08k	2,55928	88,93k
2,58003	20,7467k	2,58003	71,2333k
2,60018	17,5233k	2,60018	61,1467k
2,61849	16,86k	2,61849	59k
2,63985	17,8367k	2,63985	61,6867k
2,65938	20,67k	2,65938	72,51k
2,68014	25,5567k	2,68014	88,91k
2,70028	31,7633k	2,70028	109,613k
2,71981	38,0867k	2,71981	131,307k
2,73934	45,32k	2,73934	154,603k
2,76009	51,9233k	2,76009	175,227k
2,78085	56,0567k	2,78085	188,63k
2,79977	59,7k	2,79977	197,51k
2,8193	59,4367k	2,8193	199,03k
2,83944	58,58k	2,83944	193,713k
2,85958	55,6k	2,85958	183,713k
2,87973	50,92k	2,87973	168,207k
2,89926	44,32k	2,89926	148,72k
2,92001	37,6033k	2,92001	125,197k
2,94015	31,19k	2,94015	104,563k
2,9603	25,59k	2,9603	84,89k
2,97861	20,0933k	2,97861	70k
2,99936	17,35k	2,99936	60,2633k
3,02011	16,52k	3,02011	58,8133k
3,04025	18,2267k	3,04025	63,8667k
3,05979	21,4333k	3,05979	75,45k
3,08054	26,8867k	3,08054	93,4267k
3,09885	33,1067k	3,09885	114,65k
3,12021	40,0733k	3,12021	137,197k
3,13974	47,3433k	3,13974	159,297k
3,15989	53,0867k	3,15989	178,493k
3,17881	57,31k	3,17881	192,01k
3,19956	60,56k	3,19956	199,143k
3,21909	59,91k	3,21909	199,423k
3,23984	57,02k	3,23984	189,7k
3,25999	53,4633k	3,25999	178,017k
3,27891	47,7233k	3,27891	157,343k
3,29966	40,75k	3,29966	135,67k
3,3198	32,8833k	3,3198	111,507k
3,33995	26,45k	3,33995	89,52k
3,36009	21,3833k	3,36009	73,96k
3,38084	18,25k	3,38084	63,0833k
3,39915	16,8367k	3,39915	59,52k
3,41929	17,74k	3,41929	61,8667k
3,44005	19,92k	3,44005	70,4433k
3,46019	24,0933k	3,46019	84,4233k
3,47972	29,4767k	3,47972	102,837k
3,49864	36,3533k	3,49864	125,127k
3,52	43,15k	3,52	145,447k
3,54015	50,1433k	3,54015	170,123k
3,5609	54,79k	3,5609	184,773k
3,57921	58,44k	3,57921	194,52k
3,59935	60,1133k	3,59935	198,43k
3,62072	57,9133k	3,62072	192,453k
3,64025	55,4433k	3,64025	183,387k
3,65856	50,9033k	3,65856	167,643k
3,67992	44,5167k	3,67992	146,207k
3,70006	37,0333k	3,70006	124,02k
3,71899	30,25k	3,71899	102,19k
3,73974	23,5833k	3,73974	81,11k
3,75988	19,4467k	3,75988	67,0667k
3,78002	16,82k	3,78002	60,2233k
3,80016	17,2667k	3,80016	61,1067k
3,81909	19,9933k	3,81909	69,2033k
3,83984	24,1k	3,83984	84,2233k
3,85998	29,68k	3,85998	104,63k
3,88012	36,7433k	3,88012	127,32k
3,90027	42,3033k	3,90027	145,973k
3,91919	48,7133k	3,91919	165,837k
3,93994	54,19k	3,93994	182,807k
3,96008	57,4367k	3,96008	191,73k
3,98083	59,14k	3,98083	197,473k
3,99976	59,57k	3,99976	197,357k
4,01929	56,43k	4,01929	187,197k
4,04004	52,2367k	4,04004	172,083k
4,06018	45,8467k	4,06018	153,363k
4,07971	39,59k	4,07971	131,497k
4,09925	32,5867k	4,09925	108,93k
4,12	26,46k	4,12	88,8867k
4,14014	20,8533k	4,14014	73,14k
4,16089	18,3333k	4,16089	63,0767k
4,1792	17,31k	4,1792	61,0067k
4,19935	17,97k	4,19935	64,8767k
4,2201	21,0967k	4,2201	74,6k
4,24085	26,39k	4,24085	91,6633k
4,26038	31,8933k	4,26038	110,703k
4,27931	38,1133k	4,27931	132,427k
4,30006	45,59k	4,30006	154,767k
4,3202	51,77k	4,3202	171,95k
4,33973	56,2667k	4,33973	186,167k
4,36048	58,3033k	4,36048	195,62k
4,3788	59,7933k	4,3788	197,563k
4,39955	57,9033k	4,39955	190,587k
4,4203	55,0467k	4,4203	180,863k
4,43983	49,7133k	4,43983	165,12k
4,45997	43,92k	4,45997	144,993k
4,47951	37,0967k	4,47951	122,98k
4,50026	29,9667k	4,50026	101,853k
4,5204	24,35k	4,5204	83,3k
4,54054	20,2733k	4,54054	69,78k
4,55824	17,9767k	4,55824	62,9767k
4,58022	18,05k	4,58022	63,02k
4,59975	20,0333k	4,59975	70,5267k
4,61989	23,8367k	4,61989	83,45k
4,64003	28,72k	4,64003	100,543k
4,65896	35,2333k	4,65896	123,46k
4,6791	42,6k	4,6791	144,673k
4,70046	49,4233k	4,70046	165,023k
4,71999	53,4233k	4,71999	179,76k
4,74075	58,4467k	4,74075	193,013k
4,75967	58,9167k	4,75967	196,727k
4,7792	58,1833k	4,7792	194,403k
4,79995	55,3533k	4,79995	185,663k
4,82009	52,6667k	4,82009	175,013k
4,8384	47,04k	4,8384	154,52k
4,85916	40,8467k	4,85916	134,89k
4,87991	34,58k	4,87991	115,547k
4,90066	28,2k	4,90066	94,0833k
4,92019	22,6133k	4,92019	78,25k
4,93912	19,75k	4,93912	68,2233k
4,95987	17,9467k	4,95987	62,5k
4,98001	18,1133k	4,98001	64,3067k
4,99832	20,6033k	4,99832	73,67k
5,01968	25,27k	5,01968	88,1533k
5,03983	30,6233k	5,03983	107,423k
5,06058	37,9533k	5,06058	129,267k
5,08011	44,87k	5,08011	151,02k
5,09964	50,2067k	5,09964	169,017k
5,11979	55,7633k	5,11979	184,127k
5,13993	58,43k	5,13993	194,517k
5,16007	59,86k	5,16007	194,763k
5,18021	56,5967k	5,18021	188,893k
5,19974	54,2633k	5,19974	177,98k
5,21989	48,99k	5,21989	160,847k
5,24064	42,59k	5,24064	140,277k
5,25834	36,1033k	5,25834	122,303k
5,27909	30,27k	5,27909	103,207k
5,29984	25,31k	5,29984	85,93k
5,31999	20,9933k	5,31999	72,5667k
5,34074	18,6567k	5,34074	65,5k
5,36027	17,8933k	5,36027	63,3367k
5,37919	18,7267k	5,37919	65,9067k
5,39995	21,14k	5,39995	74,9367k
5,42009	25,5833k	5,42009	90,2633k
5,44023	32,7333k	5,44023	112,89k
5,45854	38,9k	5,45854	133,74k
5,47929	45,8367k	5,47929	155,22k
5,50005	51,9767k	5,50005	173,693k
5,52019	56,3467k	5,52019	187,183k
5,53972	57,97k	5,53972	193,247k
5,56047	58,3667k	5,56047	192,697k
5,57878	56,3867k	5,57878	186,81k
5,59954	52,3467k	5,59954	173,46k
5,6209	47,0367k	5,6209	154,543k
5,63982	39,9833k	5,63982	134,273k
5,65935	32,83k	5,65935	111,49k
5,6801	27,0367k	5,6801	93,4233k
5,70025	23,09k	5,70025	78,7833k
5,71978	19,34k	5,71978	67,3133k
5,73992	17,7033k	5,73992	63,1067k
5,75945	18,9933k	5,75945	66,3833k
5,78021	20,85k	5,78021	74,93k
5,80035	25,39k	5,80035	88,3933k
5,81988	30,89k	5,81988	107,36k
5,8388	37,1633k	5,8388	128,933k
5,85955	43,8033k	5,85955	148,65k
5,8797	49,7667k	5,8797	166,783k
5,90045	54,5467k	5,90045	182,457k
5,91815	57,8167k	5,91815	191,023k
5,93951	57,9467k	5,93951	192,48k
5,96026	57,86k	5,96026	190,54k
5,9798	55,3633k	5,9798	181,077k
5,99994	49,9733k	5,99994	164,45k
6,01947	44,6833k	6,01947	148,227k
6,03961	37,5133k	6,03961	126,237k
6,05976	31,2033k	6,05976	104,157k
6,0799	24,9233k	6,0799	86,0267k
6,09882	20,88k	6,09882	72,6233k
6,12018	18,4733k	6,12018	64,9633k
6,13971	18,3867k	6,13971	64,9233k
6,15986	20,4033k	6,15986	72,86k
6,17817	25,2933k	6,17817	88,0367k
6,19953	30k	6,19953	104,473k
6,22028	35,9733k	6,22028	125,01k
6,23981	41,5533k	6,23981	142,873k
6,25996	48,1933k	6,25996	162,773k
6,27888	52,99k	6,27888	176,71k
6,29963	56,3733k	6,29963	186,07k
6,31977	58,8833k	6,31977	192,65k
6,34053	57,9533k	6,34053	192,83k
6,35945	56,6133k	6,35945	187,603k
6,3802	53,55k	6,3802	175,72k
6,39973	49,14k	6,39973	162,603k
6,41987	43,7533k	6,41987	143,433k
6,43818	37,12k	6,43818	124,79k
6,45955	31,48k	6,45955	105,12k
6,48091	25,6467k	6,48091	87,5933k
6,50044	21,6167k	6,50044	75,14k
6,51997	19,2367k	6,51997	67,7633k
6,53951	18,74k	6,53951	67,2367k
6,56026	21,0533k	6,56026	75,59k
6,57979	24,08k	6,57979	87,1333k
6,60054	30,8567k	6,60054	107,1k
6,61824	36,4433k	6,61824	125,613k
6,63961	42,5k	6,63961	145,44k
6,65914	48,3867k	6,65914	164,023k
6,67989	53,0767k	6,67989	177,067k
6,70064	55,7967k	6,70064	185,707k
6,71896	58,3233k	6,71896	192,793k
6,7391	57,42k	6,7391	188,763k
6,76046	54,8433k	6,76046	181,693k
6,7806	51,32k	6,7806	167,39k
6,80074	45,38k	6,80074	149,317k
6,81906	38,2767k	6,81906	129,18k
6,8392	32,53k	6,8392	110,747k
6,85995	27,36k	6,85995	93,5833k
6,8807	22,7567k	6,8807	78,28k
6,89962	20,1233k	6,89962	69,9567k
6,91977	18,7867k	6,91977	67,43k
6,93991	20,1033k	6,93991	71,31k
6,96005	22,4533k	6,96005	79,1233k
6,97897	26,44k	6,97897	93,6267k
6,99973	31,7967k	6,99973	110,253k
7,01987	37,6867k	7,01987	130,32k
7,04062	43,8133k	7,04062	150,003k
7,06015	48,5867k	7,06015	165,38k
7,0809	53,73k	7,0809	178,813k
7,09922	56,82k	7,09922	188,967k
7,11997	58,5833k	7,11997	191,233k
7,14072	56,8033k	7,14072	184,727k
7,16025	52,9633k	7,16025	175,02k
7,17917	48,7533k	7,17917	161,153k
7,19932	43,7667k	7,19932	143,097k
7,22007	36,9567k	7,22007	122,927k
7,24021	31,2133k	7,24021	104,037k
7,25852	25,9633k	7,25852	87,3967k
7,27989	21,3867k	7,27989	74,9833k
7,29942	19,61k	7,29942	69,31k
7,32017	19,5867k	7,32017	68,4767k
7,33848	20,8367k	7,33848	74,4333k
7,35923	23,1867k	7,35923	83,96k
7,37999	28,4067k	7,37999	99,6067k
7,40013	33,65k	7,40013	118,17k
7,42088	40,24k	7,42088	136,95k
7,43858	45,9533k	7,43858	154,397k
7,45994	51,66k	7,45994	171,123k
7,48009	55,4367k	7,48009	182,313k
7,50023	57,43k	7,50023	187,27k
7,51854	58,1733k	7,51854	187,45k
7,5399	55,7967k	7,5399	183,067k
7,56005	51,84k	7,56005	170,7k
7,5808	46,7567k	7,5808	153,733k
7,60033	40,4267k	7,60033	135,46k
7,61925	34,7433k	7,61925	115,327k
7,64	29,4k	7,64	98,83k
7,66015	24,0333k	7,66015	83,9933k
7,6809	21,17k	7,6809	74,55k
7,69921	18,85k	7,69921	68,29k
7,71935	20,36k	7,71935	71,11k
7,7401	22,06k	7,7401	78,3967k
7,76025	26,4767k	7,76025	92,0733k
7,77978	31,9133k	7,77978	109,333k
7,79931	37,4533k	7,79931	129,093k
7,82006	43,7067k	7,82006	147,73k
7,84021	48,1733k	7,84021	162,653k
7,86035	53,3133k	7,86035	177,887k
7,87927	56,7533k	7,87927	184,843k
7,89941	57,9267k	7,89941	190,27k
7,92016	56,56k	7,92016	186,407k
7,9397	53,6333k	7,9397	176,77k
7,95862	49,23k	7,95862	163,21k
7,97998	44,5567k	7,97998	146,463k
8,00073	38,26k	8,00073	127,473k
8,02026	32,47k	8,02026	109,803k
8,0398	27,2733k	8,0398	93,7167k
8,05933	23,0033k	8,05933	80,8767k
8,08008	20,5233k	8,08008	73,33k
8,10022	19,3967k	8,10022	70,1633k
8,12037	20,5367k	8,12037	73,97k
8,13868	23,1767k	8,13868	83,79k
8,15943	27,3333k	8,15943	97,6667k
8,18018	33,8467k	8,18018	117,31k
8,20032	40,5633k	8,20032	138,177k
8,21863	46,4867k	8,21863	157,357k
8,24	50,93k	8,24	170,453k
8,26014	54,6133k	8,26014	181,53k
8,28089	56,9733k	8,28089	188,09k
8,29981	56,38k	8,29981	186,063k
8,31935	55,7867k	8,31935	182,303k
8,33949	53,47k	8,33949	175,237k
8,36024	49,3133k	8,36024	159,8k
8,37977	43,45k	8,37977	144,597k
8,3993	37,9333k	8,3993	124,773k
8,41945	31,5733k	8,41945	106,687k
8,4402	26,78k	8,4402	91,5267k
8,45851	22,47k	8,45851	79,2767k
8,47926	20,4867k	8,47926	73,4167k
8,50002	20,11k	8,50002	71,4267k
8,52016	22,1667k	8,52016	79,5667k
8,5403	24,9333k	8,5403	88,6167k
8,55983	30,0433k	8,55983	104,833k
8,57997	35,7067k	8,57997	123,53k
8,60012	41,61k	8,60012	142,253k
8,62087	47,4833k	8,62087	159,333k
8,63979	51,8767k	8,63979	174,627k
8,65871	54,9267k	8,65871	182,73k
8,68007	56,5467k	8,68007	187,923k
8,70022	56,35k	8,70022	185,84k
8,72036	53,7267k	8,72036	176,86k
8,73867	49,6767k	8,73867	161,633k
8,76003	45,0367k	8,76003	148,943k
8,78018	38,6433k	8,78018	130,027k
8,79971	33,6667k	8,79971	112,857k
8,81924	28,8367k	8,81924	97,7k
8,83999	23,8333k	8,83999	83,22k
8,86013	21,4033k	8,86013	74,99k
8,88028	19,5967k	8,88028	71,87k
8,90042	20,94k	8,90042	74,24k
8,91873	23,06k	8,91873	82,76k
8,93948	27,1433k	8,93948	96,2k
8,96023	32,1567k	8,96023	112,627k
8,97977	37,5267k	8,97977	128,447k
8,9993	43,5533k	8,9993	147,62k
9,02005	48,8833k	9,02005	163,507k
9,03958	53,5767k	9,03958	178,293k
9,06034	56,4233k	9,06034	184,327k
9,07987	56,2433k	9,07987	184,18k
9,0994	55,46k	9,0994	182,627k
9,12015	53,2467k	9,12015	174,11k
9,14029	47,9767k	9,14029	159,677k
9,15983	44,0167k	9,15983	145,127k
9,18058	37,7433k	9,18058	126,93k
9,1995	33,2167k	9,1995	110,567k
9,22025	27,2933k	9,22025	94k
9,23978	23,7067k	9,23978	84,5367k
9,26054	21,3067k	9,26054	75,7567k
9,28068	20,3867k	9,28068	73,4667k
9,29899	21,8067k	9,29899	78,89k
9,31974	24,9367k	9,31974	87,45k
9,33988	29,2267k	9,33988	101,827k
9,36003	34,6833k	9,36003	118,957k
9,38078	40,4167k	9,38078	137,147k
9,39909	45,1267k	9,39909	154,317k
9,41984	50,1533k	9,41984	167,6k
9,4406	53,38k	9,4406	178,647k
9,46013	55,6067k	9,46013	183,38k
9,47844	56,1333k	9,47844	184,703k
9,49919	54,1k	9,49919	177,88k
9,51994	52,4267k	9,51994	170,99k
9,54009	48,6533k	9,54009	160,497k
9,56023	43,6467k	9,56023	143,567k
9,57854	38,11k	9,57854	127,5k
9,59929	32,18k	9,59929	110,193k
9,61943	27,6867k	9,61943	94,4233k
9,64019	23,7533k	9,64019	82,11k
9,65972	20,9267k	9,65972	75,3333k
9,67925	20,67k	9,67925	76,1k
9,7	23,4433k	9,7	83,2033k
9,72015	26,2967k	9,72015	93,5933k
9,74029	31,4033k	9,74029	110,157k
9,7586	37,6467k	9,7586	127,91k
9,77996	43,0667k	9,77996	147,1k
9,8001	49,2167k	9,8001	163,07k
9,82086	52,3167k	9,82086	174,887k
9,84039	55,8633k	9,84039	181,64k
9,8587	56,04k	9,8587	183,847k
9,88006	54,27k	9,88006	179,313k
9,9002	50,7233k	9,9002	167,223k
9,92035	45,97k	9,92035	152,053k
9,94049	40,1267k	9,94049	133,217k
9,95941	35,2333k	9,95941	118,87k
9,98016	30,59k	9,98016	102,72k
10,0003	26,5967k	10,0003	91,36k
