Stage Position (µm) - T&B	Coincidence Rate (Hz) - T&B	Stage Position (µm) - B	Coincidence Rate (Hz) - B
0	32,283k	0	112,434k
0,0201422	36,837k	0,0201422	128,097k
0,0402844	41,199k	0,0402844	142,103k
0,0598163	45,199k	0,0598163	154,217k
0,0799585	48,288k	0,0799585	165,291k
0,100101	50,939k	0,100101	172,13k
0,120243	52,377k	0,120243	176,537k
0,139775	52,008k	0,139775	176,045k
0,159917	50,125k	0,159917	168,644k
0,180059	47,262k	0,180059	157,976k
0,200201	43,035k	0,200201	145,991k
0,219733	39,5k	0,219733	133,199k
0,239875	34,765k	0,239875	117,898k
0,260018	30,841k	0,260018	104,786k
0,28016	27,342k	0,28016	93,185k
0,300302	25,765k	0,300302	87,466k
0,319834	24,943k	0,319834	86,158k
0,340587	25,818k	0,340587	88,737k
0,360118	27,312k	0,360118	95,351k
0,380871	30,634k	0,380871	105,454k
0,399792	34,422k	0,399792	118,851k
0,419324	39,392k	0,419324	135,183k
0,440077	43,678k	0,440077	149,777k
0,460219	47,542k	0,460219	161,391k
0,479751	50,793k	0,479751	171,19k
0,499893	51,846k	0,499893	175,906k
0,520035	52,866k	0,520035	176,775k
0,540178	51,82k	0,540178	173,519k
0,559709	50,584k	0,559709	169,397k
0,579852	47,23k	0,579852	158,467k
0,599994	43,391k	0,599994	144,595k
0,620746	38,523k	0,620746	129,905k
0,640278	34,127k	0,640278	115,391k
0,65981	30,202k	0,65981	102,562k
0,679952	27,004k	0,679952	92,7k
0,700095	25,727k	0,700095	87,626k
0,720237	24,975k	0,720237	86,165k
0,739769	25,73k	0,739769	89,143k
0,760521	27,626k	0,760521	95,964k
0,780053	31,012k	0,780053	108,004k
0,800195	35,138k	0,800195	121,282k
0,820338	39,51k	0,820338	135,543k
0,839869	44,366k	0,839869	151,603k
0,860012	48,35k	0,860012	164,894k
0,880154	51,119k	0,880154	172,246k
0,900296	52,723k	0,900296	176,267k
0,919828	52,253k	0,919828	175,964k
0,93997	50,785k	0,93997	169,812k
0,960112	47,912k	0,960112	159,893k
0,980255	44,032k	0,980255	148,175k
0,999786	40,892k	0,999786	137,383k
1,01993	36,874k	1,01993	124,775k
1,04007	32,465k	1,04007	109,305k
1,06021	28,774k	1,06021	98,815k
1,07974	26,691k	1,07974	90,756k
1,09989	25,234k	1,09989	87,056k
1,12003	25,199k	1,12003	87,25k
1,14017	26,54k	1,14017	91,791k
1,1597	28,29k	1,1597	97,895k
1,17985	31,667k	1,17985	109,572k
1,19999	36,564k	1,19999	126,091k
1,22013	41,399k	1,22013	141,839k
1,24027	45,392k	1,24027	155,255k
1,25919	48,748k	1,25919	165,643k
1,28056	51,211k	1,28056	172,562k
1,30009	52,15k	1,30009	174,979k
1,32023	51,458k	1,32023	172,915k
1,34037	49,789k	1,34037	167,029k
1,3599	47,476k	1,3599	158,675k
1,38005	43,995k	1,38005	147,488k
1,40019	39,186k	1,40019	131,863k
1,41972	34,74k	1,41972	116,693k
1,43986	30,162k	1,43986	103,541k
1,46001	28,298k	1,46001	96,306k
1,48015	26,481k	1,48015	90,854k
1,50029	25,676k	1,50029	87,86k
1,51982	25,093k	1,51982	88,038k
1,53996	27,448k	1,53996	94,798k
1,56011	30,11k	1,56011	104,584k
1,58086	34,182k	1,58086	118,478k
1,60039	38,53k	1,60039	133,544k
1,61992	43,132k	1,61992	148,34k
1,64068	47,343k	1,64068	162,383k
1,6596	50,056k	1,6596	170,703k
1,67974	51,535k	1,67974	174,081k
1,69988	51,892k	1,69988	174,088k
1,72002	51,049k	1,72002	171,764k
1,74017	49,988k	1,74017	166,482k
1,7597	47,2k	1,7597	158,762k
1,77923	43,763k	1,77923	148,079k
1,80059	39,477k	1,80059	132,971k
1,82073	34,417k	1,82073	116,631k
1,84027	29,965k	1,84027	101,851k
1,8598	27,194k	1,8598	92,809k
1,87994	25,196k	1,87994	87,564k
1,89947	25,534k	1,89947	88,571k
1,92083	26,176k	1,92083	92,645k
1,93976	28,775k	1,93976	100,711k
1,96051	32,317k	1,96051	111,821k
1,98004	36,095k	1,98004	125,906k
2,00018	40,348k	2,00018	139,9k
2,01971	45,058k	2,01971	154,02k
2,03986	48,087k	2,03986	163,53k
2,06	49,803k	2,06	169,174k
2,08075	51,344k	2,08075	173,567k
2,10028	51,617k	2,10028	173,236k
2,11982	49,992k	2,11982	167,985k
2,13996	47,338k	2,13996	159,333k
2,1601	43,835k	2,1601	147,777k
2,18024	39,87k	2,18024	134,454k
2,19977	35,444k	2,19977	119,132k
2,21992	30,603k	2,21992	103,989k
2,23945	27,77k	2,23945	94,999k
2,2602	25,98k	2,2602	89,386k
2,27973	25,528k	2,27973	87,525k
2,30049	25,812k	2,30049	89,23k
2,32002	27,429k	2,32002	94,935k
2,34016	29,943k	2,34016	103,631k
2,36091	33,658k	2,36091	116,06k
2,37983	37,529k	2,37983	130,664k
2,39998	42,316k	2,39998	144,167k
2,42073	46,342k	2,42073	158,147k
2,44087	49,188k	2,44087	166,876k
2,45979	51,005k	2,45979	172,322k
2,47993	51,702k	2,47993	173,465k
2,50069	51,535k	2,50069	172,998k
2,52022	49,475k	2,52022	166,027k
2,54036	46,615k	2,54036	155,916k
2,55989	43,33k	2,55989	145,99k
2,58003	39,782k	2,58003	133,196k
2,60018	36,19k	2,60018	122,48k
2,61971	32,427k	2,61971	110,447k
2,64046	29,03k	2,64046	99,683k
2,65999	26,764k	2,65999	92,056k
2,68014	25,488k	2,68014	88,175k
2,70028	25,549k	2,70028	89,016k
2,71981	27,405k	2,71981	95,566k
2,73995	30,697k	2,73995	106,231k
2,76009	34,967k	2,76009	121,61k
2,78024	40,379k	2,78024	139,479k
2,79977	44,557k	2,79977	153,008k
2,81991	48,212k	2,81991	163,928k
2,83944	50,687k	2,83944	171,141k
2,86081	51,098k	2,86081	173,144k
2,87973	51,554k	2,87973	172,93k
2,89987	50,622k	2,89987	169,015k
2,92001	48,058k	2,92001	162,052k
2,94076	46,048k	2,94076	154,836k
2,96091	42,114k	2,96091	141,044k
2,97983	37,666k	2,97983	126,737k
3,00058	32,983k	3,00058	112,109k
3,02011	29,569k	3,02011	101,196k
3,04025	26,768k	3,04025	92,399k
3,05918	25,855k	3,05918	89,089k
3,07993	25,641k	3,07993	89,469k
3,10007	27,229k	3,10007	94,026k
3,12021	29,485k	3,12021	101,926k
3,14035	32,493k	3,14035	113,651k
3,15989	36,862k	3,15989	126,935k
3,18003	40,942k	3,18003	139,982k
3,20017	43,889k	3,20017	151,189k
3,2197	47,411k	3,2197	161,305k
3,23984	49,679k	3,23984	168,795k
3,25938	51,231k	3,25938	173,18k
3,28074	51,155k	3,28074	172,2k
3,30027	50,05k	3,30027	167,824k
3,3198	48,011k	3,3198	160,305k
3,33995	43,901k	3,33995	147,958k
3,36009	39,823k	3,36009	133,571k
3,38023	35,279k	3,38023	119,454k
3,39976	31,479k	3,39976	107,405k
3,4199	28,462k	3,4199	97,619k
3,44005	26,65k	3,44005	91,161k
3,46019	25,799k	3,46019	89,235k
3,47972	26,177k	3,47972	91,008k
3,49986	28,063k	3,49986	97,186k
3,52	30,9k	3,52	107,285k
3,54015	34,134k	3,54015	118,778k
3,56029	38,276k	3,56029	132,324k
3,57982	42,428k	3,57982	144,727k
3,60057	45,516k	3,60057	156,476k
3,62072	48,408k	3,62072	165,275k
3,64025	50,5k	3,64025	170,16k
3,65978	51,032k	3,65978	172,104k
3,68053	51,194k	3,68053	171,98k
3,70006	49,734k	3,70006	167,508k
3,72021	47,315k	3,72021	158,616k
3,73974	44,074k	3,73974	148,961k
3,76049	40,625k	3,76049	136,769k
3,78002	35,709k	3,78002	121,922k
3,80016	31,657k	3,80016	107,126k
3,8197	28,724k	3,8197	97,752k
3,84045	26,552k	3,84045	91,593k
3,85998	26,006k	3,85998	90,267k
3,88012	26,682k	3,88012	92,512k
3,90027	28,826k	3,90027	100,203k
3,9198	32,37k	3,9198	112,237k
3,94055	36,748k	3,94055	126,683k
3,96008	39,857k	3,96008	138,516k
3,98083	43,531k	3,98083	149,892k
3,99976	46,946k	3,99976	159,592k
4,0199	49,607k	4,0199	168,032k
4,04004	50,827k	4,04004	171,207k
4,06018	51,018k	4,06018	171,113k
4,07971	50,392k	4,07971	168,843k
4,09986	48,132k	4,09986	161,395k
4,12	44,541k	4,12	150,871k
4,14014	41,757k	4,14014	139,573k
4,16028	37,272k	4,16028	125,497k
4,17982	33,644k	4,17982	114,193k
4,19996	30,468k	4,19996	103,882k
4,2201	28,271k	4,2201	96,254k
4,24024	26,432k	4,24024	90,969k
4,25977	26,188k	4,25977	90,754k
4,27992	26,511k	4,27992	93,472k
4,30006	29,364k	4,30006	101,478k
4,3202	32,304k	4,3202	112,469k
4,33973	36,049k	4,33973	125,108k
4,35987	40,363k	4,35987	138,966k
4,38063	44,077k	4,38063	150,746k
4,40016	47,459k	4,40016	160,409k
4,4203	49,599k	4,4203	168,039k
4,44044	51,005k	4,44044	171,674k
4,45997	51,187k	4,45997	172,185k
4,48012	50,381k	4,48012	168,779k
4,50026	48,111k	4,50026	161,016k
4,51979	44,858k	4,51979	150,464k
4,53993	40,06k	4,53993	135,723k
4,56008	35,38k	4,56008	120,332k
4,58022	31,097k	4,58022	107,167k
4,60036	28,637k	4,60036	98,551k
4,61989	27,84k	4,61989	94,887k
4,64064	26,531k	4,64064	91,49k
4,66018	26,686k	4,66018	92,782k
4,67971	27,685k	4,67971	96,469k
4,69985	29,685k	4,69985	103,163k
4,71999	32,637k	4,71999	113,372k
4,74013	36,893k	4,74013	126,703k
4,76028	40,823k	4,76028	140,752k
4,77981	43,675k	4,77981	149,381k
4,79995	47,035k	4,79995	159,808k
4,82009	49,852k	4,82009	167,88k
4,84024	50,874k	4,84024	170,744k
4,86038	50,758k	4,86038	169,668k
4,87991	49,456k	4,87991	165,062k
4,90005	47,116k	4,90005	156,863k
4,9208	43,851k	4,9208	146,516k
4,93973	40,212k	4,93973	136,194k
4,96048	36,17k	4,96048	121,51k
4,98062	31,633k	4,98062	108,388k
5,00076	28,617k	5,00076	98,377k
5,02029	26,799k	5,02029	93,157k
5,03983	26,421k	5,03983	92,026k
5,05936	26,983k	5,05936	93,437k
5,08011	28,524k	5,08011	99,371k
5,10025	30,809k	5,10025	106,802k
5,1204	32,905k	5,1204	115,158k
5,13993	36,624k	5,13993	127,459k
5,16007	40,441k	5,16007	139,995k
5,18021	44,207k	5,18021	151,378k
5,19974	47,566k	5,19974	161,237k
5,21989	49,659k	5,21989	167,152k
5,24003	50,352k	5,24003	169,524k
5,26017	49,825k	5,26017	167,446k
5,2797	48,252k	5,2797	161,897k
5,29984	45,947k	5,29984	154,098k
5,31999	41,483k	5,31999	139,895k
5,34013	37,411k	5,34013	126,537k
5,36027	34,072k	5,36027	115,761k
5,3798	31,086k	5,3798	106,292k
5,39995	28,681k	5,39995	98,587k
5,42009	26,789k	5,42009	93,371k
5,44084	26,426k	5,44084	91,685k
5,45976	27,347k	5,45976	95,379k
5,4799	29,124k	5,4799	101,867k
5,50005	32,311k	5,50005	112,486k
5,52019	35,669k	5,52019	123,195k
5,53972	39,746k	5,53972	135,94k
5,55986	42,686k	5,55986	146,98k
5,58	45,842k	5,58	156,313k
5,60015	48,455k	5,60015	164,183k
5,62029	50,178k	5,62029	168,786k
5,63982	50,715k	5,63982	168,905k
5,65996	49,861k	5,65996	166,972k
5,68072	48,198k	5,68072	161,094k
5,70025	45,295k	5,70025	151,438k
5,71978	41,134k	5,71978	138,446k
5,74053	36,968k	5,74053	124,769k
5,76006	33,508k	5,76006	114,652k
5,78082	29,963k	5,78082	103,314k
5,79974	27,956k	5,79974	96,047k
5,81988	26,688k	5,81988	93,116k
5,84063	26,742k	5,84063	93,358k
5,86016	28,31k	5,86016	98,43k
5,8797	30,451k	5,8797	105,673k
5,89984	32,886k	5,89984	114,318k
5,91998	35,34k	5,91998	122,846k
5,94012	38,387k	5,94012	132,607k
5,96026	42,236k	5,96026	144,223k
5,9798	45,989k	5,9798	156,443k
6,00055	48,965k	6,00055	164,974k
6,02008	49,38k	6,02008	166,943k
6,04083	50,736k	6,04083	169,178k
6,06037	49,043k	6,06037	164,465k
6,0799	47,241k	6,0799	158,867k
6,10065	44,484k	6,10065	149,243k
6,12018	41,37k	6,12018	139,063k
6,13971	38,039k	6,13971	128,749k
6,15986	34,066k	6,15986	115,702k
6,18	30,249k	6,18	103,559k
6,20014	27,745k	6,20014	96,015k
6,22028	26,718k	6,22028	91,833k
6,23981	26,957k	6,23981	94,042k
6,26057	28,599k	6,26057	100,61k
6,2801	30,659k	6,2801	107,37k
6,30024	34,11k	6,30024	118,895k
6,32038	37,597k	6,32038	130,08k
6,34053	41,246k	6,34053	141,167k
6,36006	44,947k	6,36006	153,568k
6,3802	47,4k	6,3802	161,206k
6,39973	49,1k	6,39973	166,381k
6,41987	50,535k	6,41987	168,709k
6,44063	49,925k	6,44063	167,791k
6,46016	48,8k	6,46016	163,066k
6,48091	45,58k	6,48091	153,031k
6,49983	42,313k	6,49983	142,805k
6,51997	38,727k	6,51997	132,115k
6,54012	35,64k	6,54012	120,896k
6,56026	32,18k	6,56026	110,131k
6,57979	29,507k	6,57979	102,841k
6,59993	28,079k	6,59993	96,843k
6,62008	26,822k	6,62008	93,482k
6,64022	27,281k	6,64022	95,496k
6,65975	28,64k	6,65975	100,754k
6,67989	31,335k	6,67989	109,655k
6,70003	34,78k	6,70003	120,696k
6,72079	37,905k	6,72079	131,062k
6,73971	40,863k	6,73971	140,321k
6,75985	43,899k	6,75985	149,238k
6,77999	46,202k	6,77999	156,191k
6,80074	48,161k	6,80074	162,899k
6,82089	49,945k	6,82089	166,883k
6,84042	50,053k	6,84042	167,004k
6,85995	48,477k	6,85995	161,436k
6,88009	45,855k	6,88009	154,193k
6,90023	42,846k	6,90023	143,422k
6,91977	39,459k	6,91977	132,559k
6,93991	35,823k	6,93991	120,619k
6,96005	31,801k	6,96005	108,202k
6,98019	28,983k	6,98019	99,976k
7,00034	27,227k	7,00034	95,284k
7,01987	27,164k	7,01987	95,052k
7,04062	28,265k	7,04062	98,474k
7,06015	29,285k	7,06015	103,262k
7,0809	31,214k	7,0809	109,009k
7,09983	34,37k	7,09983	120,479k
7,11997	38,831k	7,11997	134,063k
7,14011	42,443k	7,14011	146,098k
7,16025	46,085k	7,16025	156,429k
7,17978	48,202k	7,17978	164,096k
7,20054	49,701k	7,20054	167,223k
7,22007	50,168k	7,22007	167,401k
7,24082	48,804k	7,24082	163,612k
7,25974	46,552k	7,25974	155,69k
7,27989	43,359k	7,27989	146,196k
7,30003	40,4k	7,30003	135,991k
7,32017	36,832k	7,32017	124,321k
7,3397	33,615k	7,3397	114,615k
7,35984	30,642k	7,35984	105,566k
7,37999	28,487k	7,37999	98,613k
7,40013	27,762k	7,40013	96,16k
7,42027	27,559k	7,42027	96,635k
7,44041	28,619k	7,44041	100,296k
7,46055	30,919k	7,46055	107,433k
7,48009	33,762k	7,48009	116,944k
7,50023	36,935k	7,50023	128,097k
7,52037	40,494k	7,52037	138,923k
7,5399	43,869k	7,5399	149,546k
7,56005	46,687k	7,56005	158,726k
7,58019	48,27k	7,58019	163,896k
7,59972	49,805k	7,59972	167,046k
7,61986	49,663k	7,61986	165,423k
7,64	47,873k	7,64	159,758k
7,66015	45,264k	7,66015	151,848k
7,6809	42,609k	7,6809	142,238k
7,70043	39,454k	7,70043	133,514k
7,71996	36,106k	7,71996	123,039k
7,7401	33,042k	7,7401	112,713k
7,75964	30,651k	7,75964	105,389k
7,77978	28,912k	7,77978	100,458k
7,79992	27,675k	7,79992	96,845k
7,82006	27,649k	7,82006	97,16k
7,84021	28,564k	7,84021	100,813k
7,85974	31,081k	7,85974	108,105k
7,87988	33,431k	7,87988	115,96k
7,90002	36,687k	7,90002	127,581k
7,92077	40,529k	7,92077	138,994k
7,9397	43,679k	7,9397	149,605k
7,95984	46,042k	7,95984	156,538k
7,97998	48,189k	7,97998	162,678k
8,00012	49,237k	8,00012	165,168k
8,02026	49,663k	8,02026	165,675k
8,04041	48,15k	8,04041	161,59k
8,05994	46,519k	8,05994	155,567k
8,08069	43,539k	8,08069	145,575k
8,10022	40,116k	8,10022	134,721k
8,11975	36,265k	8,11975	123,312k
8,1399	33,047k	8,1399	113,323k
8,16004	30,498k	8,16004	105,049k
8,18018	29,145k	8,18018	99,206k
8,19971	27,798k	8,19971	97,279k
8,21924	27,815k	8,21924	97,869k
8,24	29,252k	8,24	102,768k
8,26014	31,718k	8,26014	111,138k
8,28028	34,758k	8,28028	120,465k
8,29981	37,697k	8,29981	130,358k
8,31996	41,19k	8,31996	141,461k
8,34071	44,282k	8,34071	150,751k
8,36024	47,248k	8,36024	158,494k
8,37977	48,528k	8,37977	163,973k
8,39991	48,475k	8,39991	163,861k
8,42006	49,325k	8,42006	164,87k
8,44081	47,106k	8,44081	158,46k
8,45973	45,027k	8,45973	151,134k
8,47987	42,753k	8,47987	143,707k
8,50063	39,028k	8,50063	132,694k
8,52016	35,528k	8,52016	120,623k
8,54091	32,413k	8,54091	111,137k
8,55983	29,977k	8,55983	104,018k
8,58058	28,488k	8,58058	99,108k
8,60012	28,084k	8,60012	97,547k
8,62026	28,752k	8,62026	100,394k
8,63979	29,775k	8,63979	103,962k
8,65993	31,338k	8,65993	110,015k
8,68007	34,501k	8,68007	119,786k
8,70022	38,374k	8,70022	132,748k
8,72036	42,153k	8,72036	143,889k
8,7405	45,154k	8,7405	152,512k
8,75942	47,223k	8,75942	159,52k
8,78079	48,741k	8,78079	163,227k
8,80032	49,303k	8,80032	165,055k
8,81985	48,665k	8,81985	162,043k
8,8406	47,247k	8,8406	158,365k
8,86013	45,286k	8,86013	152,191k
8,88089	41,926k	8,88089	141,756k
8,89981	38,596k	8,89981	131,208k
8,91995	35,349k	8,91995	120,574k
8,94009	31,805k	8,94009	109,849k
8,96023	29,647k	8,96023	102,641k
8,97977	28,203k	8,97977	98,809k
9,00052	27,884k	9,00052	97,496k
9,02005	28,885k	9,02005	100,96k
9,04019	30,524k	9,04019	107,705k
9,05972	33,198k	9,05972	115,321k
9,07987	35,619k	9,07987	123,625k
9,10001	38,471k	9,10001	132,95k
9,12015	41,89k	9,12015	142,759k
9,14029	44,798k	9,14029	152,167k
9,15983	47,683k	9,15983	159,525k
9,17997	48,501k	9,17997	162,324k
9,20011	48,447k	9,20011	162,507k
9,22025	47,947k	9,22025	161,147k
9,23978	46,858k	9,23978	156,233k
9,26054	44,531k	9,26054	148,785k
9,28068	42,641k	9,28068	142,022k
9,30021	39,007k	9,30021	131,174k
9,31974	35,271k	9,31974	120,373k
9,3405	31,974k	9,3405	110,351k
9,36003	30,155k	9,36003	104,215k
9,38017	28,812k	9,38017	101,176k
9,40031	28,301k	9,40031	99,495k
9,41984	28,696k	9,41984	101,288k
9,4406	31,009k	9,4406	108,211k
9,46013	32,727k	9,46013	114,135k
9,48027	35,412k	9,48027	122,909k
9,4998	38,442k	9,4998	132,174k
9,51994	41,27k	9,51994	141,279k
9,5407	44,687k	9,5407	152,055k
9,56023	46,695k	9,56023	158,156k
9,57976	48,295k	9,57976	162,643k
9,5999	48,687k	9,5999	162,049k
9,62004	47,454k	9,62004	158,694k
9,6408	45,683k	9,6408	153,78k
9,66033	44,139k	9,66033	147,752k
9,67986	40,965k	9,67986	137,725k
9,7	37,101k	9,7	126,441k
9,72015	34,374k	9,72015	117,471k
9,73968	31,702k	9,73968	109,867k
9,76043	30,021k	9,76043	104,162k
9,77996	28,924k	9,77996	101,346k
9,80071	28,58k	9,80071	100,118k
9,82086	29,288k	9,82086	103,002k
9,83978	31,026k	9,83978	108,43k
9,85992	33,784k	9,85992	117,83k
9,88006	36,709k	9,88006	126,441k
9,9002	40,072k	9,9002	137,694k
9,91974	43,866k	9,91974	149,461k
9,94049	46,297k	9,94049	156,961k
9,96002	48,001k	9,96002	161,167k
9,98016	48,829k	9,98016	162,354k
10,0003	48,087k	10,0003	160,507k
