Stage Position (µm) - T&B	Coincidence Rate (Hz) - T&B	Stage Position (µm) - B	Coincidence Rate (Hz) - B
0	0	0	1M
0,01648	0	0,01648	0
0,0183111	0	0,0183111	0
0,0433363	0	0,0433363	0
0,0744652	0	0,0744652	0
0,0781274	0	0,0781274	0
0,0994903	0	0,0994903	0
0,133671	0	0,133671	0
0,137944	0	0,137944	0
0,157476	0	0,157476	0
0,189825	0	0,189825	1M
0,216071	0	0,216071	1M
0,217902	0	0,217902	0
0,243538	0	0,243538	0
0,274667	0	0,274667	0
0,278329	0	0,278329	0
0,298471	0	0,298471	0
0,331431	0	0,331431	0
0,357067	0	0,357067	0
0,357677	0	0,357677	0
0,386975	0	0,386975	1M
0,415662	0	0,415662	0
0,417493	0	0,417493	0
0,442518	0	0,442518	0
0,473647	0	0,473647	0
0,47792	0	0,47792	0
0,498062	0	0,498062	0
0,529191	1M	0,529191	1M
0,556658	0	0,556658	0
0,557878	0	0,557878	0
0,582904	0	0,582904	0
0,614032	0	0,614032	0
0,618305	0	0,618305	0
0,638447	0	0,638447	0
0,672018	0	0,672018	1M
0,678121	1M	0,678121	2M
0,698263	0	0,698263	0
0,726951	0	0,726951	0
0,755638	0	0,755638	0
0,757469	0	0,757469	0
0,781274	0	0,781274	0
0,814844	0	0,814844	0
0,817896	0	0,817896	0
0,839869	0	0,839869	0
0,87405	0	0,87405	0
0,878323	0	0,878323	0
0,898465	0	0,898465	0
0,931425	0	0,931425	0
0,95706	0	0,95706	0
0,958281	0	0,958281	0
0,988189	0	0,988189	0
1,01627	0	1,01627	0
1,0181	0	1,0181	0
1,04373	0	1,04373	0
1,07425	0	1,07425	0
1,07791	0	1,07791	0
1,10111	0	1,10111	0
1,13346	0	1,13346	1M
1,13834	0	1,13834	0
1,15848	0	1,15848	0
1,18961	0	1,18961	0
1,21647	0	1,21647	0
1,2183	0	1,2183	0
1,24577	0	1,24577	0
1,27567	0	1,27567	0
1,27812	0	1,27812	0
1,30375	0	1,30375	0
1,33549	0	1,33549	0
1,33793	0	1,33793	0
1,35929	0	1,35929	0
1,39225	0	1,39225	0
1,39775	0	1,39775	0
1,41789	0	1,41789	0
1,44902	0	1,44902	0
1,4771	0	1,4771	2M
1,47832	0	1,47832	0
1,50884	0	1,50884	0
1,5363	0	1,5363	0
1,53813	0	1,53813	0
1,56804	0	1,56804	0
1,59612	0	1,59612	0
1,59795	0	1,59795	0
1,62297	0	1,62297	0
1,6541	0	1,6541	0
1,65838	0	1,65838	0
1,67852	0	1,67852	1M
1,71209	0	1,71209	0
1,73711	0	1,73711	0
1,73833	0	1,73833	0
1,76763	0	1,76763	0
1,79632	0	1,79632	0
1,79815	0	1,79815	0
1,82562	0	1,82562	0
1,85492	0	1,85492	1M
1,85797	0	1,85797	0
1,87994	0	1,87994	0
1,91412	0	1,91412	1M
1,919	0	1,919	0
1,93793	0	1,93793	0
1,97211	0	1,97211	0
1,99713	0	1,99713	0
1,99896	0	1,99896	0
2,02887	0	2,02887	0
2,05756	0	2,05756	0
2,05878	0	2,05878	0
2,08991	0	2,08991	0
2,11737	0	2,11737	1M
2,11798	0	2,11798	0
2,14911	1M	2,14911	1M
2,1778	0	2,1778	0
2,17841	0	2,17841	0
2,20954	0	2,20954	0
2,23762	0	2,23762	0
2,23823	0	2,23823	0
2,26691	0	2,26691	0
2,29621	0	2,29621	0
2,29804	0	2,29804	0
2,32429	0	2,32429	0
2,35603	0	2,35603	0
2,35847	0	2,35847	0
2,3835	0	2,3835	0
2,41585	0	2,41585	0
2,41829	0	2,41829	0
2,44392	0	2,44392	0
2,47444	0	2,47444	0
2,4781	0	2,4781	0
2,5013	0	2,5013	0
2,53365	0	2,53365	0
2,53853	0	2,53853	0
2,55867	0	2,55867	1M
2,5898	0	2,5898	0
2,59835	0	2,59835	0
2,61788	0	2,61788	0
2,64962	0	2,64962	0
2,67708	0	2,67708	0
2,6783	0	2,6783	1M
2,70516	0	2,70516	1M
2,73507	0	2,73507	0
2,73812	0	2,73812	0
2,75948	0	2,75948	0
2,79244	0	2,79244	0
2,81808	0	2,81808	0
2,81808	0	2,81808	0
2,85165	0	2,85165	0
2,87729	0	2,87729	0
2,8779	0	2,8779	0
2,90963	0	2,90963	0
2,93771	0	2,93771	0
2,93832	0	2,93832	0
2,96823	0	2,96823	0
2,9957	0	2,9957	0
2,99814	0	2,99814	0
3,02133	1M	3,02133	1M
3,05307	0	3,05307	0
3,05795	0	3,05795	0
3,0781	0	3,0781	0
3,11106	0	3,11106	0
3,1373	0	3,1373	0
3,13791	0	3,13791	1M
3,1666	0	3,1666	0
3,1959	0	3,1959	0
3,19895	0	3,19895	0
3,22336	0	3,22336	0
3,25449	0	3,25449	0
3,25877	0	3,25877	0
3,27952	0	3,27952	0
3,3137	0	3,3137	0
3,31858	0	3,31858	0
3,33995	0	3,33995	0
3,37291	0	3,37291	0
3,3784	0	3,3784	0
3,39854	0	3,39854	0
3,43089	0	3,43089	0
3,43822	0	3,43822	0
3,45836	0	3,45836	0
3,48704	0	3,48704	0
3,51634	0	3,51634	0
3,51817	0	3,51817	0
3,54503	0	3,54503	0
3,57433	0	3,57433	0
3,57799	0	3,57799	0
3,59874	0	3,59874	0
3,63353	0	3,63353	0
3,63903	0	3,63903	0
3,65856	0	3,65856	0
3,6903	0	3,6903	0
3,71715	0	3,71715	0
3,71838	1M	3,71838	1M
3,74706	0	3,74706	0
3,77575	0	3,77575	0
3,77819	0	3,77819	1M
3,80261	1M	3,80261	1M
3,83374	0	3,83374	0
3,83862	0	3,83862	0
3,85876	0	3,85876	0
3,88989	0	3,88989	0
3,91736	0	3,91736	0
3,91858	0	3,91858	0
3,94665	0	3,94665	0
3,97656	0	3,97656	0
3,979	0	3,979	0
4,00159	1M	4,00159	1M
4,03516	0	4,03516	0
4,03882	0	4,03882	0
4,0614	0	4,0614	0
4,09314	0	4,09314	0
4,09803	0	4,09803	0
4,11878	0	4,11878	0
4,15235	0	4,15235	0
4,15906	0	4,15906	0
4,17798	0	4,17798	0
4,21033	0	4,21033	0
4,2378	0	4,2378	0
4,23841	0	4,23841	0
4,26649	0	4,26649	0
4,2964	0	4,2964	0
4,29884	0	4,29884	1M
4,32386	0	4,32386	0
4,35438	0	4,35438	0
4,35865	0	4,35865	0
4,38063	0	4,38063	0
4,41298	0	4,41298	0
4,43678	0	4,43678	1M
4,43861	0	4,43861	0
4,4673	0	4,4673	0
4,49599	0	4,49599	0
4,49843	0	4,49843	0
4,52101	0	4,52101	0
4,55458	0	4,55458	0
4,55824	0	4,55824	1M
4,579	0	4,579	0
4,61013	1M	4,61013	1M
4,63698	0	4,63698	0
4,63881	1M	4,63881	1M
4,6675	0	4,6675	0
4,69619	0	4,69619	1M
4,69863	0	4,69863	0
4,72182	0	4,72182	0
4,75478	0	4,75478	0
4,75845	0	4,75845	0
4,78103	0	4,78103	0
4,81277	0	4,81277	0
4,81826	0	4,81826	0
4,83901	0	4,83901	0
4,87014	1M	4,87014	1M
4,89761	0	4,89761	1M
4,89883	0	4,89883	0
4,92691	0	4,92691	0
4,9556	0	4,9556	0
4,95865	0	4,95865	0
4,98062	0	4,98062	0
5,01358	0	5,01358	1M
5,01907	0	5,01907	0
5,03861	1M	5,03861	1M
5,06973	0	5,06973	0
5,09781	0	5,09781	0
5,09842	0	5,09842	0
5,12833	0	5,12833	0
5,15641	0	5,15641	0
5,15824	0	5,15824	0
5,18509	0	5,18509	0
5,215	0	5,215	0
5,21805	0	5,21805	0
5,23881	0	5,23881	0
5,27238	0	5,27238	0
5,27787	0	5,27787	0
5,29862	0	5,29862	0
5,32792	1M	5,32792	1M
5,35722	0	5,35722	0
5,35844	0	5,35844	0
5,3853	0	5,3853	0
5,4152	0	5,4152	0
5,41826	0	5,41826	0
5,44145	0	5,44145	0
5,47319	0	5,47319	0
5,47807	0	5,47807	0
5,49883	1M	5,49883	1M
5,53056	0	5,53056	0
5,55742	0	5,55742	0
5,55864	0	5,55864	0
5,58733	0	5,58733	0
5,61663	1M	5,61663	2M
5,61907	0	5,61907	0
5,64348	0	5,64348	0
5,67644	0	5,67644	0
5,67888	0	5,67888	0
5,70269	0	5,70269	1M
5,73321	0	5,73321	0
5,7387	0	5,7387	0
5,75823	0	5,75823	0
5,79302	0	5,79302	0
5,79852	0	5,79852	0
5,81805	0	5,81805	0
5,85223	0	5,85223	0
5,85833	0	5,85833	0
5,87848	1M	5,87848	1M
5,90594	0	5,90594	0
5,93646	0	5,93646	0
5,9389	0	5,9389	0
5,96454	0	5,96454	0
5,99445	0	5,99445	0
5,99872	0	5,99872	0
6,01886	0	6,01886	0
6,0506	0	6,0506	1M
6,05853	0	6,05853	0
6,07868	0	6,07868	0
6,11042	0	6,11042	0
6,13666	0	6,13666	0
6,13849	0	6,13849	0
6,16474	0	6,16474	0
6,19587	1M	6,19587	1M
6,19831	0	6,19831	0
6,22028	0	6,22028	0
6,25263	0	6,25263	0
6,25874	2M	6,25874	2M
6,27888	0	6,27888	0
6,31184	0	6,31184	0
6,31855	0	6,31855	0
6,33869	0	6,33869	0
6,37165	0	6,37165	0
6,39729	1M	6,39729	1M
6,39851	0	6,39851	0
6,42842	0	6,42842	0
6,4565	0	6,4565	0
6,45833	0	6,45833	0
6,48335	0	6,48335	0
6,5157	0	6,5157	1M
6,51814	0	6,51814	0
6,54195	0	6,54195	0
6,57308	0	6,57308	0
6,57796	0	6,57796	0
6,59871	0	6,59871	0
6,6335	0	6,6335	0
6,639	0	6,639	0
6,65853	0	6,65853	0
6,68783	0	6,68783	0
6,71773	0	6,71773	0
6,71896	0	6,71896	0
6,74398	0	6,74398	0
6,77633	0	6,77633	0
6,77877	0	6,77877	0
6,80074	0	6,80074	0
6,83432	0	6,83432	0
6,83859	0	6,83859	0
6,85873	0	6,85873	0
6,89169	0	6,89169	0
6,91733	0	6,91733	0
6,91855	0	6,91855	0
6,94784	0	6,94784	0
6,97653	0	6,97653	1M
6,97897	0	6,97897	0
7,00034	0	7,00034	0
7,03269	0	7,03269	0
7,05832	0	7,05832	0
7,05832	0	7,05832	0
7,08884	0	7,08884	0
7,11631	0	7,11631	0
7,11814	0	7,11814	0
7,14377	0	7,14377	0
7,17429	0	7,17429	0
7,17795	0	7,17795	1M
7,19871	0	7,19871	0
7,23045	0	7,23045	0
7,25791	0	7,25791	0
7,25852	1M	7,25852	1M
7,28904	0	7,28904	0
7,31712	0	7,31712	1M
7,31895	0	7,31895	0
7,34458	0	7,34458	0
7,37449	0	7,37449	0
7,37877	0	7,37877	0
7,40074	0	7,40074	0
7,43248	0	7,43248	0
7,4575	0	7,4575	0
7,45872	0	7,45872	0
7,48863	0	7,48863	0
7,51671	0	7,51671	0
7,51854	0	7,51854	1M
7,54418	0	7,54418	0
7,57469	0	7,57469	0
7,57897	0	7,57897	0
7,5985	0	7,5985	0
7,62902	0	7,62902	0
7,6577	0	7,6577	0
7,65831	0	7,65831	0
7,68517	0	7,68517	0
7,71508	0	7,71508	0
7,71813	1M	7,71813	1M
7,73949	0	7,73949	0
7,77245	0	7,77245	0
7,77795	0	7,77795	0
7,7987	0	7,7987	1M
7,83166	1M	7,83166	1M
7,85791	0	7,85791	0
7,85852	0	7,85852	0
7,88903	0	7,88903	0
7,91772	0	7,91772	0
7,91894	0	7,91894	0
7,94763	0	7,94763	0
7,97754	0	7,97754	0
7,97876	0	7,97876	0
8,00684	1M	8,00684	1M
8,03552	0	8,03552	0
8,03858	0	8,03858	0
8,05933	1M	8,05933	1M
8,09229	0	8,09229	0
8,11731	0	8,11731	0
8,11853	0	8,11853	0
8,14905	0	8,14905	0
8,17713	0	8,17713	1M
8,17896	0	8,17896	0
8,20154	0	8,20154	0
8,23328	1M	8,23328	1M
8,25831	0	8,25831	0
8,25831	0	8,25831	0
8,29127	0	8,29127	0
8,31751	0	8,31751	0
8,31812	0	8,31812	0
8,34681	0	8,34681	0
8,37611	0	8,37611	0
8,37794	0	8,37794	0
8,4048	0	8,4048	0
8,43593	0	8,43593	0
8,43898	0	8,43898	0
8,46217	0	8,46217	0
8,49513	0	8,49513	0
8,49879	1M	8,49879	1M
8,51955	0	8,51955	0
8,5519	0	8,5519	0
8,57814	1M	8,57814	1M
8,57875	0	8,57875	0
8,60622	0	8,60622	0
8,63552	0	8,63552	0
8,63857	0	8,63857	1M
8,65932	0	8,65932	0
8,6935	0	8,6935	0
8,71792	0	8,71792	0
8,71853	0	8,71853	0
8,74905	1M	8,74905	1M
8,77712	0	8,77712	0
8,77895	0	8,77895	1M
8,80215	1M	8,80215	1M
8,83389	0	8,83389	0
8,83877	0	8,83877	1M
8,8583	0	8,8583	1M
8,89126	1M	8,89126	1M
8,91751	0	8,91751	0
8,91873	0	8,91873	0
8,94925	1M	8,94925	1M
8,9761	0	8,9761	0
8,97794	0	8,97794	0
9,00601	0	9,00601	0
9,03531	0	9,03531	0
9,03897	0	9,03897	0
9,05911	1M	9,05911	1M
9,09391	0	9,09391	0
9,09879	0	9,09879	0
9,11893	0	9,11893	0
9,15189	1M	9,15189	1M
9,1586	0	9,1586	0
9,17875	0	9,17875	1M
9,2111	0	9,2111	0
9,23734	0	9,23734	0
9,23856	0	9,23856	0
9,26359	0	9,26359	1M
9,29594	0	9,29594	0
9,29899	0	9,29899	0
9,31974	0	9,31974	0
9,3527	0	9,3527	0
9,37773	0	9,37773	0
9,37895	1M	9,37895	1M
9,40703	0	9,40703	0
9,43632	0	9,43632	0
9,43876	0	9,43876	0
9,46074	0	9,46074	0
9,49431	0	9,49431	0
9,49858	0	9,49858	0
9,51872	0	9,51872	0
9,54924	0	9,54924	0
9,57671	0	9,57671	0
9,57793	0	9,57793	0
9,60417	0	9,60417	0
9,6353	0	9,6353	0
9,63897	0	9,63897	0
9,66094	0	9,66094	0
9,69451	0	9,69451	0
9,69878	1M	9,69878	1M
9,71892	0	9,71892	0
9,75311	0	9,75311	0
9,7586	0	9,7586	0
9,77874	0	9,77874	0
9,80865	0	9,80865	0
9,83734	0	9,83734	0
9,83917	0	9,83917	0
9,86663	0	9,86663	1M
9,89593	0	9,89593	0
9,89898	0	9,89898	0
9,92279	0	9,92279	0
9,95392	0	9,95392	0
9,9588	0	9,9588	1M
9,97894	0	9,97894	1M
