Capture Duration (s) - T&A&B	g2(0) - T&A&B
0,367418	0
0,568999	0,00437109
0,769343	0,00641837
0,971466	0,00758881
1,17374	0,00638235
1,37232	0,00542267
1,57281	0,00639979
1,77315	0,00708828
1,97359	0,00757274
2,17226	0,00801254
2,37226	0,00838698
2,57127	0,00775361
2,77159	0,00807692
2,97274	0,00836585
3,17394	0,0101838
3,37295	0,00963602
3,57663	0,00903941
3,77768	0,00988683
3,97582	0,0100227
4,17415	0,00955458
4,37178	0,0114004
4,57401	0,0114432
4,79346	0,010938
4,97599	0,0105423
5,17872	0,0110915
5,37871	0,0115994
5,57963	0,0111786
5,77951	0,0116816
5,99792	0,0113142
6,19865	0,0109178
6,39754	0,0109883
6,59798	0,0114487
6,79756	0,0111452
6,99767	0,0111828
7,19806	0,0108437
7,39841	0,0105477
7,59702	0,0106094
7,79607	0,010334
7,99712	0,01009
8,19709	0,0101713
8,39604	0,0102254
8,59438	0,0102866
8,79378	0,0106286
8,99411	0,0104071
9,19623	0,010171
9,39524	0,0099555
9,59587	0,0105366
9,79594	0,010598
9,99623	0,0103839
10,1987	0,0109206
10,3979	0,0112032
10,5976	0,0114671
10,7968	0,0112483
10,9972	0,0112758
11,1988	0,0113028
11,4013	0,0115431
11,5995	0,0113446
11,7997	0,0113587
11,9985	0,0111609
12,1998	0,0111723
12,4002	0,0113957
12,6033	0,012006
12,8026	0,0122124
13,0014	0,0120291
13,2049	0,0120361
13,4067	0,0118452
13,6054	0,0118532
13,8052	0,0116741
14,0048	0,0116904
14,2057	0,0120433
14,4073	0,0120543
14,6073	0,0120606
14,8076	0,0120527
15,0077	0,0119004
15,2064	0,0119138
15,4057	0,0117632
15,6047	0,0117709
15,8085	0,0119402
16,0082	0,0117919
16,21	0,0116421
16,4112	0,0116472
16,6122	0,0117997
16,814	0,012106
17,0138	0,0122666
17,2145	0,0125588
17,4141	0,0126974
17,6143	0,0125574
17,8122	0,0125609
18,0116	0,012557
18,2134	0,0124272
18,4163	0,0122853
18,6193	0,0124184
18,8187	0,0125563
19,0195	0,0124274
19,2179	0,0125604
19,4178	0,0128145
19,6199	0,0128138
19,8192	0,0128075
20	0,0126958
