Stage Position (µm) - T&B	Coincidence Rate (Hz) - T&B	Stage Position (µm) - B	Coincidence Rate (Hz) - B
0	33,95k	0	112,23k
0,00549333	38,92k	0,00549333	133,1k
0,0396741	44,78k	0,0396741	152,38k
0,0585955	49,05k	0,0585955	167,83k
0,0781274	53,51k	0,0781274	183,13k
0,09888	56,16k	0,09888	192,88k
0,119022	56,57k	0,119022	186,86k
0,138554	55,34k	0,138554	188,74k
0,158696	54,48k	0,158696	180,01k
0,158696	48,58k	0,158696	163,04k
0,179449	43,08k	0,179449	146,53k
0,199591	38,85k	0,199591	129,29k
0,220344	32,46k	0,220344	109,62k
0,240486	26,91k	0,240486	91,5k
0,259407	23,13k	0,259407	78,13k
0,27955	20,79k	0,27955	71,42k
0,299692	20,7k	0,299692	71,23k
0,339366	22,06k	0,339366	76,93k
0,359508	24k	0,359508	87,11k
0,37904	29,62k	0,37904	104,56k
0,399182	35,58k	0,399182	119,83k
0,418104	41,2k	0,418104	142,76k
0,437635	46,63k	0,437635	158,5k
0,457778	51,26k	0,457778	171,09k
0,476699	53,24k	0,476699	182,27k
0,496841	55,28k	0,496841	189,55k
0,516373	57,26k	0,516373	188,07k
0,535905	55,28k	0,535905	184,83k
0,556658	52,41k	0,556658	174,2k
0,574358	47,8k	0,574358	159,34k
0,59389	43,03k	0,59389	142,89k
0,616474	36,18k	0,616474	124,46k
0,637226	30,88k	0,637226	104,35k
0,656758	25,94k	0,656758	87,2k
0,67568	21,81k	0,67568	74,73k
0,695822	20,5k	0,695822	69,18k
0,715354	19,7k	0,715354	69,61k
0,732444	22,99k	0,732444	80,05k
0,750145	26,17k	0,750145	92,05k
0,770898	31,56k	0,770898	113,11k
0,788598	38,28k	0,788598	131,85k
0,803858	43,23k	0,803858	151,59k
0,819117	48,98k	0,819117	167,97k
0,84048	53,92k	0,84048	183,27k
0,859401	55,57k	0,859401	189,87k
0,880154	56,33k	0,880154	191,27k
0,900296	56,3k	0,900296	186,02k
0,920438	52,98k	0,920438	175,35k
0,942412	46,98k	0,942412	158,36k
0,961333	42,09k	0,961333	142,7k
0,980865	36,87k	0,980865	123,51k
1,00162	30,14k	1,00162	102,24k
1,01932	25,58k	1,01932	87,96k
1,03946	22,97k	1,03946	78,02k
1,0596	21,23k	1,0596	71,74k
1,09928	20,7k	1,09928	70,1k
1,11942	21,61k	1,11942	76,14k
1,11942	26,23k	1,11942	90,64k
1,13956	30,15k	1,13956	103,73k
1,15909	36,6k	1,15909	123,59k
1,17924	41,43k	1,17924	143,26k
1,19938	47,83k	1,19938	159,48k
1,22379	52,8k	1,22379	175,92k
1,24393	53,91k	1,24393	183,3k
1,26713	55,34k	1,26713	189,19k
1,2891	56,53k	1,2891	189,54k
1,30924	54,3k	1,30924	181,39k
1,32389	51,96k	1,32389	171,12k
1,34098	46,1k	1,34098	157,07k
1,35929	41,02k	1,35929	137,12k
1,38066	34,98k	1,38066	118,94k
1,41911	29,5k	1,41911	100,49k
1,41911	25,13k	1,41911	84,61k
1,43986	21,78k	1,43986	75,15k
1,46367	20,79k	1,46367	70,58k
1,48503	21,1k	1,48503	71,4k
1,50029	23,56k	1,50029	81,7k
1,51921	26,73k	1,51921	94,19k
1,53996	31,83k	1,53996	109,56k
1,56194	38k	1,56194	129,54k
1,58086	42,36k	1,58086	146,47k
1,59978	48,2k	1,59978	164,29k
1,63945	53,33k	1,63945	180,75k
1,6596	56,43k	1,6596	186,44k
1,67852	56,3k	1,67852	188,99k
1,69866	54,7k	1,69866	186,69k
1,71819	53,5k	1,71819	178,21k
1,73772	49,88k	1,73772	165,86k
1,75787	43,61k	1,75787	147,8k
1,77862	37,87k	1,77862	128,37k
1,79937	32,94k	1,79937	108,28k
1,8189	27,87k	1,8189	92,84k
1,83844	22,46k	1,83844	78,74k
1,85858	20,76k	1,85858	71,14k
1,87872	21,23k	1,87872	73,78k
1,89825	21,58k	1,89825	75,77k
1,91839	25,42k	1,91839	88,16k
1,93793	28,88k	1,93793	102,26k
1,95746	35,25k	1,95746	123,09k
1,97821	40,73k	1,97821	141,09k
1,99896	45,8k	1,99896	157,74k
2,01849	51,33k	2,01849	173,92k
2,03864	53,85k	2,03864	183,53k
2,05878	57,15k	2,05878	190,38k
2,07892	56,22k	2,07892	189,38k
2,09845	53,53k	2,09845	183,1k
2,11859	50,61k	2,11859	171,29k
2,13813	46,74k	2,13813	156,01k
2,15949	41,89k	2,15949	138,8k
2,17902	34,69k	2,17902	117,87k
2,19916	29,75k	2,19916	99,98k
2,2187	25,34k	2,2187	85,47k
2,23823	22,07k	2,23823	76,72k
2,25837	20,64k	2,25837	69,1k
2,2779	20,85k	2,2779	74,96k
2,29682	23,97k	2,29682	83,37k
2,31758	27,66k	2,31758	95,68k
2,33528	31,91k	2,33528	110,2k
2,35542	38,5k	2,35542	131,31k
2,37434	43,7k	2,37434	148,85k
2,39143	49,31k	2,39143	166,68k
2,41096	54,13k	2,41096	179,26k
2,42927	55,12k	2,42927	186k
2,44514	56,3k	2,44514	189,69k
2,4604	54,71k	2,4604	183,72k
2,47993	53,57k	2,47993	178,75k
2,52022	48,62k	2,52022	163,28k
2,53914	42,46k	2,53914	145,24k
2,55928	37,75k	2,55928	125,94k
2,57942	31,43k	2,57942	109,02k
2,59957	27,01k	2,59957	91,75k
2,59957	22,69k	2,59957	80,18k
2,63924	20,28k	2,63924	73,43k
2,63985	21,35k	2,63985	73,58k
2,68014	23,05k	2,68014	80,29k
2,68014	25,97k	2,68014	90,11k
2,7192	29,98k	2,7192	104,9k
2,73873	35,45k	2,73873	121,94k
2,75948	40,76k	2,75948	144,01k
2,77902	47,88k	2,77902	159,46k
2,79916	51,59k	2,79916	174,73k
2,81869	55,21k	2,81869	184,2k
2,83883	56,61k	2,83883	189,24k
2,85958	56,46k	2,85958	186,37k
2,85958	51,91k	2,85958	177,21k
2,89926	50,94k	2,89926	169,13k
2,9194	44,88k	2,9194	151,06k
2,93954	40,38k	2,93954	136,62k
2,95969	35,47k	2,95969	117k
2,97861	28,72k	2,97861	99,33k
2,99875	24,73k	2,99875	85,07k
3,01828	21,75k	3,01828	76,05k
3,03842	21,15k	3,03842	73,68k
3,05857	22,92k	3,05857	77,52k
3,07932	24,01k	3,07932	84,39k
3,09885	28,14k	3,09885	100,75k
3,11899	33,28k	3,11899	116,29k
3,13913	37,37k	3,13913	135,4k
3,15744	43,65k	3,15744	150,14k
3,17759	49,03k	3,17759	167,67k
3,19773	53k	3,19773	179,49k
3,21848	55,05k	3,21848	187,59k
3,23862	56,55k	3,23862	187,9k
3,25938	54,2k	3,25938	184,01k
3,27891	53,82k	3,27891	175,19k
3,29844	48,22k	3,29844	162,45k
3,31736	44,36k	3,31736	147,57k
3,33811	37,05k	3,33811	126,47k
3,35826	32,48k	3,35826	108,77k
3,3784	26,36k	3,3784	93,71k
3,39854	24,06k	3,39854	81,86k
3,41868	21,95k	3,41868	74,26k
3,43883	20,6k	3,43883	72,12k
3,45836	22,61k	3,45836	77,84k
3,47728	24,85k	3,47728	87,35k
3,49681	30,3k	3,49681	104k
3,51756	34,94k	3,51756	120,05k
3,53587	41,64k	3,53587	140,8k
3,55663	45,71k	3,55663	156,89k
3,57555	50,43k	3,57555	170,77k
3,59569	53,87k	3,59569	182,74k
3,61644	56,32k	3,61644	187,39k
3,63598	54,63k	3,63598	186,26k
3,65612	54,31k	3,65612	183,15k
3,67626	50,4k	3,67626	170,37k
3,69518	45,31k	3,69518	155,04k
3,71349	40,94k	3,71349	135,83k
3,72875	36k	3,72875	120,45k
3,74706	30,87k	3,74706	103,59k
3,76659	25,49k	3,76659	88,45k
3,78735	22,73k	3,78735	78,72k
3,80688	22,24k	3,80688	75,46k
3,82824	22,19k	3,82824	75,84k
3,85144	23,84k	3,85144	82,92k
3,87463	28,06k	3,87463	95,96k
3,89294	33,11k	3,89294	114,03k
3,91369	38,7k	3,91369	134,17k
3,93323	45,11k	3,93323	150,93k
3,95398	49,82k	3,95398	168,99k
3,97534	53,87k	3,97534	179,9k
3,99548	56,48k	3,99548	188,62k
4,01502	56,58k	4,01502	187,09k
4,03455	55,36k	4,03455	185,11k
4,05103	52,44k	4,05103	172,72k
4,06934	48,33k	4,06934	161,65k
4,08704	42,53k	4,08704	146,05k
4,10108	38,06k	4,10108	130,23k
4,13953	32,99k	4,13953	110,83k
4,16028	28,05k	4,16028	95,76k
4,1792	24,39k	4,1792	84,42k
4,19935	21,87k	4,19935	76,13k
4,21949	20,69k	4,21949	75,55k
4,23902	22,64k	4,23902	79,64k
4,25855	26,43k	4,25855	90,21k
4,27931	29,95k	4,27931	105,18k
4,29884	35,3k	4,29884	124,11k
4,31898	42,49k	4,31898	146,15k
4,33851	46,57k	4,33851	157,99k
4,35926	52,23k	4,35926	175,96k
4,3788	54,16k	4,3788	182,81k
4,39894	55,66k	4,39894	184,99k
4,41847	54,35k	4,41847	186,54k
4,438	53,56k	4,438	178,96k
4,45753	49,05k	4,45753	164,7k
4,47829	45,58k	4,47829	152,3k
4,49843	40,54k	4,49843	139,44k
4,51857	35,05k	4,51857	120,9k
4,53871	31,39k	4,53871	107,26k
4,55763	26,44k	4,55763	92,88k
4,57778	24,09k	4,57778	82,15k
4,5967	21,2k	4,5967	77,14k
4,61562	22,08k	4,61562	75,69k
4,63637	23,86k	4,63637	84,33k
4,65468	27,27k	4,65468	96k
4,67544	31,35k	4,67544	108,86k
4,69436	35,8k	4,69436	125,2k
4,71389	40,86k	4,71389	142,71k
4,7322	46,89k	4,7322	161,03k
4,75112	52,07k	4,75112	176,49k
4,77004	56,09k	4,77004	184,16k
4,78957	54,52k	4,78957	182,08k
4,81033	54,78k	4,81033	185,39k
4,82986	51,85k	4,82986	174,27k
4,84939	48,5k	4,84939	161,6k
4,8677	44,29k	4,8677	147,09k
4,8909	38,63k	4,8909	130,47k
4,91226	32,72k	4,91226	111,22k
4,93057	28,95k	4,93057	97,75k
4,94888	24,99k	4,94888	86,16k
4,96841	22,48k	4,96841	77,96k
4,98672	21,78k	4,98672	75,38k
5,00504	23,79k	5,00504	80,58k
5,0264	25,16k	5,0264	89,61k
5,04837	30,05k	5,04837	103,57k
5,06729	34,91k	5,06729	120,34k
5,08927	39,2k	5,08927	138,63k
5,10941	44,41k	5,10941	153,82k
5,12772	49,83k	5,12772	168,09k
5,14847	53,43k	5,14847	178,87k
5,16556	54,07k	5,16556	183,73k
5,18693	54,44k	5,18693	183,71k
5,20463	53,24k	5,20463	180,77k
5,24003	50,98k	5,24003	169,03k
5,25956	45,53k	5,25956	152,81k
5,27909	41,06k	5,27909	139,33k
5,29862	36,12k	5,29862	119,47k
5,31877	29,85k	5,31877	102,58k
5,33891	26,64k	5,33891	91,21k
5,35783	22,71k	5,35783	81,38k
5,37736	22,51k	5,37736	77,99k
5,39689	21,81k	5,39689	79,03k
5,41643	24,92k	5,41643	85,13k
5,43535	27,92k	5,43535	98,97k
5,45427	33,48k	5,45427	117,42k
5,47197	38,97k	5,47197	133,57k
5,48967	43,86k	5,48967	151,59k
5,51103	49,03k	5,51103	163,4k
5,53362	52,49k	5,53362	173,5k
5,55254	54,93k	5,55254	184,29k
5,57329	55,91k	5,57329	187,59k
5,59221	53,31k	5,59221	180,41k
5,61113	50,41k	5,61113	171,8k
5,62639	47,25k	5,62639	157,26k
5,64348	43k	5,64348	142,46k
5,66179	38,34k	5,66179	128,43k
5,68255	32,6k	5,68255	114,93k
5,7033	29,15k	5,7033	99,04k
5,72344	25,1k	5,72344	86,09k
5,74175	22,81k	5,74175	79,11k
5,76678	22,09k	5,76678	78,54k
5,78631	22,5k	5,78631	81,35k
5,80706	25,11k	5,80706	89,93k
5,82537	28,31k	5,82537	102,94k
5,84429	33,39k	5,84429	116,08k
5,86505	39,2k	5,86505	134,86k
5,88519	44,12k	5,88519	150,6k
5,90472	47,45k	5,90472	164,76k
5,92486	51,83k	5,92486	175,41k
5,94684	54,14k	5,94684	183,31k
5,96454	55,62k	5,96454	184,65k
5,98163	54,49k	5,98163	180,08k
6,00116	52,18k	6,00116	172,15k
6,02008	48,21k	6,02008	160,84k
6,04144	43,8k	6,04144	146,32k
6,06159	39,74k	6,06159	132,96k
6,0799	34,06k	6,0799	113,45k
6,10431	28,56k	6,10431	99,27k
6,12751	23,9k	6,12751	84,74k
6,14704	23,17k	6,14704	79,5k
6,16535	22,19k	6,16535	78,76k
6,18366	24,41k	6,18366	85,75k
6,20502	26,72k	6,20502	93,2k
6,22089	31,1k	6,22089	110,86k
6,24409	36k	6,24409	125,07k
6,26484	41,09k	6,26484	140,32k
6,2862	47,48k	6,2862	160,28k
6,31001	50,54k	6,31001	173,62k
6,33198	54,21k	6,33198	179,68k
6,35151	55,47k	6,35151	182,35k
6,36555	55,82k	6,36555	183,46k
6,38264	50,6k	6,38264	174,22k
6,40034	48,72k	6,40034	163,56k
6,41987	43,45k	6,41987	145,05k
6,44002	39,21k	6,44002	131,91k
6,46077	32,97k	6,46077	113,81k
6,48274	29,01k	6,48274	99,38k
6,50716	24,73k	6,50716	87,43k
6,52791	23,81k	6,52791	81,14k
6,5511	22,62k	6,5511	79,9k
6,56819	23,29k	6,56819	83,73k
6,58834	25,92k	6,58834	91,62k
6,61214	29,95k	6,61214	106,21k
6,63045	34,3k	6,63045	118,51k
6,65059	39,55k	6,65059	134,72k
6,67135	44,13k	6,67135	149,08k
6,69271	49,53k	6,69271	166,32k
6,71224	52,95k	6,71224	176,35k
6,72994	52,69k	6,72994	180,24k
6,74825	54,24k	6,74825	181,35k
6,76717	51,16k	6,76717	174,66k
6,78549	48,95k	6,78549	165,39k
6,80441	44,9k	6,80441	152,63k
6,82638	43,59k	6,82638	142,16k
6,84774	37,29k	6,84774	125,78k
6,86911	32,21k	6,86911	109,98k
6,88742	27,32k	6,88742	95,71k
6,90451	24,78k	6,90451	86,34k
6,92465	23,09k	6,92465	80,31k
6,94845	22,63k	6,94845	79,45k
6,97287	24,41k	6,97287	87,22k
6,99057	28,26k	6,99057	98,6k
7,01132	31,21k	7,01132	109,55k
7,02902	35,24k	7,02902	125,06k
7,04794	41,67k	7,04794	141,88k
7,06809	45,97k	7,06809	155,12k
7,0864	51,49k	7,0864	171,37k
7,10654	53,93k	7,10654	177,27k
7,12485	55,33k	7,12485	182,79k
7,14316	54,34k	7,14316	179,72k
7,16391	51,6k	7,16391	173,7k
7,18528	49,67k	7,18528	162,16k
7,20664	44,97k	7,20664	151,98k
7,228	40,82k	7,228	133,85k
7,24631	36,62k	7,24631	123,67k
7,26402	30,28k	7,26402	101,86k
7,28233	26,57k	7,28233	93,14k
7,32017	24,19k	7,32017	82,87k
7,32017	22,7k	7,32017	80,95k
7,3397	23,34k	7,3397	83,16k
7,35984	25,88k	7,35984	91,83k
7,39952	28,75k	7,39952	101,49k
7,42027	34,45k	7,42027	119,19k
7,4398	39,17k	7,4398	133,4k
7,45933	44,53k	7,45933	150,36k
7,47948	47,4k	7,47948	163,93k
7,49901	51,07k	7,49901	174,81k
7,51915	53,72k	7,51915	185,16k
7,53929	54,13k	7,53929	179,09k
7,5399	53,49k	7,5399	177,33k
7,56005	49,7k	7,56005	166,98k
7,59972	47,1k	7,59972	155,12k
7,59972	41,87k	7,59972	143,39k
7,61925	36,77k	7,61925	125,59k
7,64	32,37k	7,64	113,57k
7,66015	28,92k	7,66015	97,59k
7,67968	25,01k	7,67968	87,9k
7,69982	23,6k	7,69982	83,62k
7,71996	23,45k	7,71996	81,86k
7,73949	24,43k	7,73949	86,5k
7,76025	26,87k	7,76025	93,64k
7,77978	30,61k	7,77978	108,07k
7,79992	34,91k	7,79992	126,42k
7,82189	40,23k	7,82189	140,21k
7,84509	45,72k	7,84509	155,63k
7,86218	50,03k	7,86218	167,13k
7,87988	52,08k	7,87988	176,31k
7,90002	54,46k	7,90002	182,47k
7,92016	52,85k	7,92016	178,82k
7,9397	52,62k	7,9397	176,32k
7,95923	49,28k	7,95923	164,16k
7,98059	46,54k	7,98059	151,09k
8,00195	42,49k	8,00195	140,43k
8,02026	35,06k	8,02026	123,11k
8,05994	32,68k	8,05994	110,75k
8,05994	28,46k	8,05994	97,95k
8,09961	25,19k	8,09961	89,16k
8,11914	24,27k	8,11914	84,04k
8,13929	22,49k	8,13929	82,77k
8,15882	25,47k	8,15882	89,64k
8,17896	27,94k	8,17896	99,22k
8,19849	30,77k	8,19849	109,49k
8,21924	36,86k	8,21924	127,05k
8,23878	41,34k	8,23878	142,39k
8,25892	45,26k	8,25892	155,38k
8,27906	50,88k	8,27906	167,95k
8,2992	52,68k	8,2992	174,52k
8,31812	53,14k	8,31812	178,98k
8,33888	52,16k	8,33888	177,88k
8,35841	50,46k	8,35841	169,49k
8,37794	49,05k	8,37794	162,24k
8,39808	43,88k	8,39808	145,76k
8,41823	39,1k	8,41823	132,21k
8,43837	34,5k	8,43837	116,18k
8,4579	30,23k	8,4579	107,21k
8,47621	26,34k	8,47621	95,49k
8,49574	24,57k	8,49574	85,06k
8,51588	24,06k	8,51588	84,61k
8,53481	24,31k	8,53481	84,85k
8,55495	26,49k	8,55495	93,81k
8,5757	27,49k	8,5757	97,59k
8,59584	32,68k	8,59584	113,94k
8,61415	38,34k	8,61415	130,32k
8,63613	42,34k	8,63613	145,45k
8,65627	46,82k	8,65627	159,1k
8,67519	50,85k	8,67519	169,63k
8,69228	52,92k	8,69228	180,36k
8,71181	53,49k	8,71181	177,96k
8,73379	52,25k	8,73379	174,62k
8,75027	51,2k	8,75027	168,55k
8,77163	46,82k	8,77163	157,41k
8,7936	42,74k	8,7936	144,4k
8,81008	37,1k	8,81008	127,25k
8,83145	34,21k	8,83145	114,49k
8,8522	29,06k	8,8522	100,74k
8,87417	26,82k	8,87417	92,78k
8,89492	23,42k	8,89492	84,31k
8,91629	24,32k	8,91629	84,36k
8,93765	25,18k	8,93765	89,26k
8,95718	27,9k	8,95718	97,14k
8,97488	30,77k	8,97488	109,84k
8,99503	35,11k	8,99503	121,91k
9,01395	39,25k	9,01395	137,53k
9,0347	45,05k	9,0347	153,41k
9,0524	48,5k	9,0524	162,75k
9,06766	51,14k	9,06766	170,85k
9,08231	52,91k	9,08231	175,98k
9,10733	52,81k	9,10733	177,83k
9,12564	52,28k	9,12564	172,92k
9,14396	49,32k	9,14396	165,75k
9,16166	45,97k	9,16166	152,48k
9,17997	41,91k	9,17997	142,75k
9,20072	37,55k	9,20072	125,51k
9,22025	32,68k	9,22025	111,26k
9,24223	29,63k	9,24223	100,19k
9,26054	26,34k	9,26054	91,02k
9,28007	24,52k	9,28007	85,38k
9,30082	23,59k	9,30082	86,82k
9,31974	25,87k	9,31974	91,33k
9,3405	28,13k	9,3405	99,92k
9,36308	31,6k	9,36308	113,16k
9,382	36,65k	9,382	126,28k
9,40275	40,34k	9,40275	138,47k
9,42045	44,79k	9,42045	155,13k
9,43999	49,25k	9,43999	164,82k
9,46013	52,88k	9,46013	174,71k
9,48027	52,88k	9,48027	176,03k
9,4998	53,06k	9,4998	174,78k
9,51994	50,2k	9,51994	167,45k
9,5407	47,11k	9,5407	158,8k
9,56206	43,82k	9,56206	146,97k
9,57976	39,45k	9,57976	134,9k
9,5999	36,44k	9,5999	122,03k
9,62004	31,37k	9,62004	105,42k
9,64019	28,48k	9,64019	98,88k
9,67925	24,2k	9,67925	88,02k
9,69939	24,1k	9,69939	85,41k
9,71892	24,08k	9,71892	86,91k
9,73907	27,4k	9,73907	94,57k
9,75799	28,91k	9,75799	103,32k
9,77813	33,91k	9,77813	117,95k
9,79766	39,1k	9,79766	131,49k
9,8178	43,55k	9,8178	145,28k
9,83795	46,78k	9,83795	157,74k
9,85748	50,9k	9,85748	169,26k
9,87701	51,1k	9,87701	173,02k
9,89532	53,22k	9,89532	177,02k
9,91485	53,03k	9,91485	173,75k
9,93622	49,4k	9,93622	162,96k
9,95514	47,9k	9,95514	156,4k
9,97711	43,09k	9,97711	144,11k
9,99664	39,09k	9,99664	129,7k
