Detector A/B to T Delay (ns) - T&A	Coincidence Rate (Hz) - T&A	Detector A/B to T Delay (ns) - T&B	Coincidence Rate (Hz) - T&B	Detector A/B to T Delay (ns) - T&C	Coincidence Rate (Hz) - T&C
-16	273,333	-16	20	-16	0
-15,5	206,667	-15,5	33,3333	-15,5	0
-15	270	-15	10	-15	0
-14,5	260	-14,5	20	-14,5	0
-14	270	-14	6,66667	-14	0
-13,5	300	-13,5	26,6667	-13,5	0
-13	296,667	-13	13,3333	-13	0
-12,5	263,333	-12,5	23,3333	-12,5	0
-12	246,667	-12	16,6667	-12	0
-11,5	236,667	-11,5	36,6667	-11,5	0
-11	220	-11	13,3333	-11	0
-10,5	253,333	-10,5	20	-10,5	0
-10	286,667	-10	30	-10	0
-9,5	326,667	-9,5	26,6667	-9,5	0
-9	270	-9	30	-9	0
-8,5	290	-8,5	23,3333	-8,5	0
-8	246,667	-8	40	-8	0
-7,5	403,333	-7,5	33,3333	-7,5	0
-7	426,667	-7	36,6667	-7	0
-6,5	370	-6,5	73,3333	-6,5	0
-6	596,667	-6	163,333	-6	0
-5,5	1,26333k	-5,5	350	-5,5	0
-5	3,19333k	-5	630	-5	0
-4,5	6,70333k	-4,5	1,24333k	-4,5	0
-4	11,7533k	-4	1,73667k	-4	0
-3,5	18,55k	-3,5	2,49667k	-3,5	0
-3	27,7567k	-3	3,05333k	-3	0
-2,5	36,5767k	-2,5	3,19667k	-2,5	0
-2	41,9333k	-2	3,31k	-2	0
-1,5	44,87k	-1,5	3,27667k	-1,5	0
-1	45,6733k	-1	3,18333k	-1	0
-0,5	44,36k	-0,5	2,87667k	-0,5	0
0	43,0333k	0	2,61k	0	0
0,5	39,7467k	0,5	2,03333k	0,5	0
1	35,0733k	1	1,35333k	1	0
1,5	28,07k	1,5	713,333	1,5	0
2	19,3033k	2	316,667	2	0
2,5	9,95667k	2,5	76,6667	2,5	0
3	3,99k	3	36,6667	3	0
3,5	1,42k	3,5	23,3333	3,5	0
4	563,333	4	20	4	0
4,5	410	4,5	23,3333	4,5	0
5	253,333	5	13,3333	5	0
5,5	280	5,5	20	5,5	0
6	220	6	23,3333	6	0
6,5	213,333	6,5	13,3333	6,5	0
7	216,667	7	30	7	0
7,5	256,667	7,5	10	7,5	0
8	200	8	23,3333	8	0
8,5	283,333	8,5	23,3333	8,5	0
9	233,333	9	16,6667	9	0
9,5	206,667	9,5	10	9,5	0
10	210	10	20	10	0
10,5	296,667	10,5	13,3333	10,5	0
11	230	11	13,3333	11	0
11,5	226,667	11,5	6,66667	11,5	0
12	263,333	12	3,33333	12	0
12,5	303,333	12,5	13,3333	12,5	0
13	233,333	13	16,6667	13	0
13,5	223,333	13,5	13,3333	13,5	0
14	206,667	14	16,6667	14	0
14,5	273,333	14,5	16,6667	14,5	0
15	263,333	15	20	15	0
15,5	233,333	15,5	13,3333	15,5	0
16	230	16	26,6667	16	0
